species	group	category	fold	from	to	delta	PiS	PiN	PiNPiS	syn_counts	nsyn_counts	Lsyn	Lnsyn	TD4	TD0	GC3	gradient	eps	Sd	beta	pb	Sb	alpha	D1	D2	D3	D4
Qa	tree	0:DEL-DEL	0	-2	-2	0	0.01273718	0.006497992	0.5101596	13643	1468	251324	54855	-0.7033292	-0.5808306	0.4595638	0.00006	0.004512962	-1117.940295	0.648461705	0.381659442	2.742288772	0.994248	0.007246115	0.024904784	0.106542483	0.479647177
Qa	tree	0:DEL-EXDEL	0	-2	-3	-1	0.01305874	0.002313413	0.17715444	12147	1331	217252	116333	-0.7193784	-1.1846018	0.4599993	0.00008	3.66E-05	-3290.262694	0.237976081	0.000120571	0.147517066	0.001099	0.160088055	0.116674154	0.199463688	0.523653532
Qa	tree	0:DEL-STABLE	0	-2	0	2	0.01212023	0.05229706	4.31485822	33381	4811	649224	28635	-0.6871968	0.4376874	0.46244	0.00009	8.49E-07	-0.001038975	0.01410889	0.989998339	49.99895974	0.999798	0.010001661	0	0	0
Qa	tree	0:DEL-TOL	0	-2	-1	1	0.01293305	0.018984237	1.46788585	16856	1878	308853	28779	-0.6685761	0.1346289	0.4605045	0.00008	0.019538724	-4909.005001	4.56092502	0.792798408	49.98688168	1	5.25E-20	1.91E-15	6.84E-11	0.207201592
Qa	tree	0:EXDEL-DEL	0	-3	-2	1	0.01047786	0.058351801	5.56905788	1075	131	25633	760	-0.4760373	0.8299933	0.463724	0.00007	0.000026687	-2309.407417	4.741668327	0.989945629	49.97092556	1	1.46E-20	8.01E-16	4.28E-11	0.010054371
Qa	tree	0:EXDEL-EXDEL	0	-3	-3	0	0.01690668	0.001588338	0.09394732	333	31	4890	4596	-0.4971367	-0.6463753	0.4693005	0.00007	0.03144629	-4916.58684	0.594806763	0.05293852	9.367113222	0.988119	0.006756098	0.019802568	0.077207551	0.843295262
Qa	tree	0:EXDEL-STABLE	0	-3	0	3	0.01244107	0.674130141	54.18585779	16494	3425	318507	1794	-0.6198737	1.0602674	0.4862682	0.00013	2.42E-09	-0.000940203	0.01650529	0.989999996	49.99999801	0.999798	0.010000004	0	0	0
Qa	tree	0:EXDEL-TOL	0	-3	-1	2	0.01174519	0.181204819	15.42799896	1581	210	33033	415	-0.5423816	1.1235108	0.4702067	0.0001	1.38E-06	-1.387680756	0.01167699	0.989997526	49.99843154	0.999808	0.009960104	4.24E-05	1.10E-08	0
Qa	tree	0:STABLE-DEL	0	0	-2	-2	0.01081502	0.003044719	0.28152676	118084	60969	2500323	3936703	-0.7874106	-1.2699848	0.4801444	0.00018	2.96E-07	-163.6666726	0.326632218	4.42E-06	0.069394528	0.000029	0.21132856	0.231029615	0.388656566	0.168980836
Qa	tree	0:STABLE-EXDEL	0	0	-3	-3	0.01114624	0.001569909	0.14084655	107408	74092	2202124	8947901	-0.7944627	-1.3742478	0.4818798	0.00027	2.90E-07	-1128.598787	0.345066916	2.05E-06	0.0505433	0.000028	0.099167346	0.119885298	0.256136721	0.524808589
Qa	tree	0:STABLE-STABLE	0	0	0	0	0.01642418	0.009420334	0.57356506	1871	171	27290	4321	-0.6293953	-0.6444702	0.4623976	0.00008	0.013614201	-45.10881151	4.840504108	0.365466603	8.236245943	0.999989	6.68E-11	3.93E-06	0.055094735	0.579434737
Qa	tree	0:STABLE-TOL	0	0	-1	-1	0.01022865	0.005738649	0.56103699	135477	111792	3037634	4178727	-0.7822609	-1.0032199	0.4814203	0.00166	4.79E-06	-53.76337068	0.162049902	0.000204411	0.015077619	0.000482	0.562697627	0.236378075	0.188663561	0.012056325
Qa	tree	0:TOL-DEL	0	-1	-2	-1	0.01219518	0.003564382	0.29227786	64850	12762	1217210	728692	-0.7888796	-1.1666644	0.4738755	0.00005	1.62E-06	-491.9126346	0.230787424	1.27E-05	0.269652668	0.000075	0.262578705	0.182629378	0.287687232	0.26709197
Qa	tree	0:TOL-EXDEL	0	-1	-3	-2	0.01316287	0.001386258	0.10531584	36326	5081	630920	695492	-0.7930685	-1.3713337	0.4709283	0.00008	1.11E-06	-4445.105399	0.313687237	5.83E-06	0.030948919	0.0001	0.080097621	0.084755423	0.172972957	0.662168167
Qa	tree	0:TOL-STABLE	0	-1	0	1	0.01106628	0.018587603	1.67966211	101993	32478	2115431	460757	-0.7795665	-0.2706236	0.4764588	0.00493	0.026859277	-0.482565751	0.010405429	0.989978669	44.89791893	0.999782	0.010016638	4.69E-06	5.00E-15	0
Qa	tree	0:TOL-TOL	0	-1	-1	0	0.01066053	0.007191138	0.67455743	118138	68047	2549205	2162348	-0.771974	-0.7946036	0.4804803	0.00122	0.02396071	-4801.745784	0.056454069	0.094657718	8.285872185	0.618968	0.57812503	0.080187871	0.09063867	0.156390711
Qv	tree	0:DEL-DEL	0	-2	-2	0	0.011233397	0.005073427	0.4516378	9190	1127	196821	54648	-0.6147285	-0.5330336	0.4506599	0.00007	0.053486104	-48.60129494	4.246576632	0.234571066	45.64395596	0.999994	1.48E-09	2.25E-05	0.093830012	0.671576455
Qv	tree	0:DEL-EXDEL	0	-2	-3	-1	0.011102664	0.001912583	0.1722634	8159	1068	173424	116610	-0.683066	-1.0856175	0.4543411	0.00007	0.067933692	-243.5062135	0.446150559	0.000107121	1.333345954	0.002669	0.097133939	0.171153928	0.405143846	0.326461166
Qv	tree	0:DEL-STABLE	0	-2	0	2	0.012659533	0.028668205	2.2645548	19125	2655	369748	28723	-0.5527746	0.4207744	0.4519558	0.01037	0.030282757	-1.34158965	0.010000001	0.989950627	49.96998404	0.999806	0.0100146	3.48E-05	7.16E-09	0
Qv	tree	0:DEL-TOL	0	-2	-1	1	0.012812772	0.011707638	0.9137474	10034	1144	195598	28563	-0.4780223	0.1552268	0.4448183	0.00005	0.062386095	-4860.588143	4.543510483	0.80524958	49.99725453	1	6.16E-20	2.15E-15	7.40E-11	0.19475042
Qv	tree	0:EXDEL-DEL	0	-3	-2	1	0.015703832	0.046522556	2.9624971	768	77	13090	616	-0.2110172	1.308077	0.4211702	0.00006	0.082875889	-2990.73333	1.777126189	0.989990938	49.98791977	1	4.05E-09	2.38E-07	1.40E-05	0.009994859
Qv	tree	0:EXDEL-EXDEL	0	-3	-3	0	0.012283447	0.001948574	0.1586341	199	21	3834	3144	-0.6660232	0.1334906	0.4209251	0.00005	0.023690197	-4162.130267	4.276557342	0.032191487	46.27196463	1	8.77E-18	1.65E-13	3.07E-09	0.96780851
Qv	tree	0:EXDEL-STABLE	0	-3	0	3	0.012588146	0.657287248	52.2147762	9560	1888	188435	1005	-0.5024952	1.0117187	0.4738499	0.0083	3.21E-08	-15.48804618	0.011499032	0.989999995	49.99999306	0.999813	0.009746266	0.000205632	4.81E-05	2.53E-08
Qv	tree	0:EXDEL-TOL	0	-3	-1	2	0.014433584	0.206829865	14.3297649	1168	120	21000	215	-0.3324117	1.2974108	0.4451795	0.00025	0.000170567	-22.0298749	0.010136048	0.989976509	49.98211465	0.999812	0.00976596	0.000194272	6.31E-05	2.06E-07
Qv	tree	0:STABLE-DEL	0	0	-2	-2	0.008907224	0.002575026	0.2890941	88545	49920	2306130	3936670	-0.7429097	-1.1736012	0.4756488	0.00014	0.022451239	-42.12877093	0.528471616	2.19E-05	0.162433478	0.000183	0.154786845	0.331839244	0.48135007	0.032001928
Qv	tree	0:STABLE-EXDEL	0	0	-3	-3	0.009241445	0.001307936	0.1415294	81688	60314	2049156	8949504	-0.7453372	-1.3075172	0.4770125	0.00014	0.000654402	-199.8612488	0.530936783	4.67E-06	0.045272972	0.000084	0.067526725	0.15824944	0.437141471	0.337077697
Qv	tree	0:STABLE-STABLE	0	0	0	0	0.013771666	0.008340475	0.6056257	1485	141	25974	4115	-0.6095806	-0.5640094	0.442758	0.00006	0.000538204	-3345.943884	2.479921175	0.479791495	5.848897821	1	2.91E-10	8.73E-08	2.59E-05	0.520182547
Qv	tree	0:STABLE-TOL	0	0	-1	-1	0.008313041	0.004764147	0.5730932	102335	90568	2854434	4179071	-0.7445536	-0.9239269	0.4759426	0.00022	0.072287697	-9.037683494	0.408058951	0.000332447	0.004183857	0.000972	0.44481009	0.449057968	0.105797841	1.65E-06
Qv	tree	0:TOL-DEL	0	-1	-2	-1	0.010485305	0.003053374	0.2912051	46917	10471	1046067	729095	-0.7161547	-1.0313418	0.4663763	0.00021	0.069760274	-113.2209977	0.37702284	4.25E-05	0.985857982	0.000487	0.188699869	0.251329373	0.428696068	0.131232184
Qv	tree	0:TOL-EXDEL	0	-1	-3	-2	0.011496545	0.00117735	0.102409	26338	4142	537518	695925	-0.7035421	-1.2511916	0.4607315	0.00004	0.033511456	-572.2099138	0.469030409	1.19E-05	0.00016854	0.00026	0.057428116	0.110831472	0.303555376	0.528173093
Qv	tree	0:TOL-STABLE	0	-1	0	1	0.009824169	0.012723203	1.295092	68910	22772	1636133	461095	-0.7239983	-0.3610673	0.4686607	0.00124	0.091417768	-2146.39469	2.143305052	0.989961278	49.99729133	1	3.17E-10	4.36E-08	5.89E-06	0.010032787
Qv	tree	0:TOL-TOL	0	-1	-1	0	0.008827817	0.00578101	0.654863	86574	53581	2279734	2162107	-0.7358386	-0.7236882	0.4738605	0.00074	0.000700593	-4238.050846	0.36501893	0.568179576	0.367226946	0.975371	0.023016038	0.030293261	0.06953798	0.308973145
Qd	tree	0:DEL-DEL	0	-2	-2	0	0.02204874	0.009399211	0.4262925	8998	1124	189961	56104	0.4097798	0.46419187	0.450941	0.00008	0.000742493	-4800.3698	0.465207848	0.350863357	2.085007069	0.987471	0.014207173	0.027236389	0.07880721	0.528885871
Qd	tree	0:DEL-EXDEL	0	-2	-3	-1	0.02164819	0.003196701	0.14766597	7358	888	156980	118518	0.3557951	-0.1681446	0.45981	0.00006	6.82E-06	-4987.430528	0.22859165	5.78E-05	0.049635558	0.000512	0.156710813	0.108471685	0.18220538	0.55255431
Qd	tree	0:DEL-STABLE	0	-2	0	2	0.02282694	0.120870851	5.29509643	36222	6715	747088	30652	0.4891708	1.69390236	0.4617522	0.00051	0.012538776	-1439.875701	0.010482884	0.989980703	49.97173122	0.99982	0.009339305	0.000227553	0.000227496	0.000224942
Qd	tree	0:DEL-TOL	0	-2	-1	1	0.0250926	0.035706389	1.42298461	16451	2027	309653	29849	0.5114922	1.30735693	0.4516295	0.00007	0.018332495	-4865.662315	4.559591338	0.543400777	49.92365901	1	1.22E-19	4.42E-15	1.58E-10	0.456599223
Qd	tree	0:EXDEL-DEL	0	-3	-2	1	0.02689729	0.069521411	2.58469979	1471	151	26595	1191	0.7192137	1.63392972	0.4548193	0.00007	5.18E-06	-4349.501223	3.372733435	0.989972553	49.98516885	1	5.49E-16	1.29E-12	3.00E-09	0.010027444
Qd	tree	0:EXDEL-EXDEL	0	-3	-3	0	0.01873195	0.001012319	0.05404234	101	11	2655	5466	0.8036723	0.89862632	0.4271709	0.00007	0.026766157	-4529.816258	3.885296245	0.091441453	48.34209868	1	2.80E-16	2.15E-12	1.62E-08	0.908558531
Qd	tree	0:EXDEL-STABLE	0	-3	0	3	0.02266296	1.404146208	61.95775338	27173	5997	568287	2444	0.5361267	1.99908152	0.4699216	0.00246	9.52E-07	-0.54887479	0.010594954	0.989999516	49.99981496	0.999805	0.009993732	6.75E-06	7.02E-14	0
Qd	tree	0:EXDEL-TOL	0	-3	-1	2	0.02537724	0.496800465	19.57661236	4409	495	83655	573	0.6481926	2.03802514	0.4578032	0.00008	1.30E-05	-44.59708253	0.011896124	0.989969496	49.98370428	0.999815	0.009649847	0.000245834	0.000130549	4.27E-06
Qd	tree	0:STABLE-DEL	0	0	-2	-2	0.01667259	0.004394419	0.26357148	75522	40472	2059964	3931153	0.2502973	-0.1654819	0.4688257	0.00765	2.88E-05	-339.3524902	0.252625169	0.000290918	0.167003683	0.001696	0.253073091	0.197288691	0.315664994	0.233682306
Qd	tree	0:STABLE-EXDEL	0	0	-3	-3	0.01749373	0.002178282	0.12451782	70616	46133	1842134	8942554	0.2739019	-0.23392917	0.4696444	0.00031	6.95E-08	-1468.169733	0.323462971	4.98E-07	0.097438904	0.000007	0.105721156	0.116597031	0.239009941	0.538671375
Qd	tree	0:STABLE-STABLE	0	0	0	0	0.0244909	0.017072379	0.69709079	1446	149	27172	4108	0.3311636	0.48452894	0.4550519	0.00009	0.026850871	-3924.365352	0.112706921	0.192644837	32.13119589	0.959036	0.335705601	0.099369954	0.127613854	0.244665753
Qd	tree	0:STABLE-TOL	0	0	-1	-1	0.01489345	0.008073267	0.54206834	88062	77142	2674818	4171826	0.2147167	-0.02017892	0.4699267	0.00057	0.001819023	-282.964378	0.095610814	0.000101075	1.116358941	0.000356	0.611301912	0.148449067	0.163216239	0.076931708
Qd	tree	0:TOL-DEL	0	-1	-2	-1	0.02049035	0.004994964	0.24377151	40483	8417	906778	730389	0.3127641	-0.06723086	0.4618669	0.00009	8.38E-06	-2069.343556	0.172949015	0.0001429	0.031296741	0.000668	0.288346912	0.140780349	0.205880308	0.36484953
Qd	tree	0:TOL-EXDEL	0	-1	-3	-2	0.02205133	0.002051985	0.09305494	22953	3365	479968	697081	0.3447729	-0.19163754	0.4635273	0.00006	2.54E-07	-4999.816906	0.311130584	2.49E-06	0.043240796	0.000044	0.078865624	0.082508124	0.167565035	0.671058726
Qd	tree	0:TOL-STABLE	0	-1	0	1	0.01809471	0.030305876	1.67484688	67811	28498	1718535	464306	0.3069832	0.83085229	0.4652893	0.0001	0.014525507	-4886.841155	4.731438286	0.955951688	4.782737831	1	2.02E-21	1.09E-16	5.78E-12	0.044048312
Qd	tree	0:TOL-TOL	0	-1	-1	0	0.01616895	0.010187447	0.63006252	75143	48520	2111529	2164893	0.2440803	0.24705082	0.4675664	0.00026	4.82E-05	-4912.656184	0.534709268	0.61519353	0.38337925	0.994831	0.004603556	0.011155332	0.037878886	0.331168696
Ayan	tree	0:DEL-DEL	0	-2	-2	0	0.002327846	6.92E-04	0.29734462	128	91	18212	46140	0.7224796	1.0048311	0.5003106	0.00006	0.095670012	-388.486258	4.478242481	0.208729014	1.596747403	1	3.96E-14	1.17E-09	2.91E-05	0.791241862
Ayan	tree	0:DEL-EXDEL	0	-2	-3	-1	0.002189283	2.48E-04	0.11314921	77	57	11263	74045	0.5556529	0.5728129	0.4318627	0.00008	0.000113263	-452.4408982	0.429156652	0.000166552	0.006052527	0.002623	0.081756909	0.136564335	0.335287902	0.446224302
Ayan	tree	0:DEL-STABLE	0	-2	0	2	0.002064282	5.12E-03	2.48132765	335	256	60207	20045	1.3187547	1.7601709	0.4483294	0.00006	0.099926543	-2404.831356	2.188755213	0.989936432	10.83335377	1	1.67E-10	2.56E-08	3.85E-06	0.010059697
Ayan	tree	0:DEL-TOL	0	-2	-1	1	0.001934956	2.31E-03	1.19284799	198	160	32480	23845	0.5235275	0.9125374	0.4420152	0.00007	0.001160098	-2041.083976	2.658079165	0.818266357	1.509007845	1	7.28E-11	3.30E-08	1.45E-05	0.181719081
Ayan	tree	0:EXDEL-DEL	0	-3	-2	1	0.00224251	7.31E-03	3.25932772	16	12	2577	674	1.0458467	1.6384821	0.384	0.00007	0.004028557	-930.4567804	0.065922782	0.98882983	28.08427445	0.999778	0.00736796	0.001202634	0.001346947	0.001252628
Ayan	tree	0:EXDEL-STABLE	0	-3	0	3	0.001748673	3.18E-01	182.0835084	349	423	71853	475	1.1566455	1.1212438	0.48475	0.00032	0.099996877	-6.009716671	0.012793051	0.989999994	49.99971533	0.999812	0.009824453	0.00016531	1.02E-05	4.51E-13
Ayan	tree	0:EXDEL-TOL	0	-3	-1	2	0.004330737	4.26E-02	9.83410114	35	21	3669	185	2.4156477	1.2634369	0.4725	0.00005	0.099967267	-467.2167089	0.01096192	0.989946684	49.98227664	0.999818	0.00945674	0.000239719	0.000228258	0.000128598
Ayan	tree	0:STABLE-DEL	0	0	-2	-2	0.001975346	2.20E-04	0.11140305	2881	2791	489761	4048019	0.8026255	0.5550963	0.4643555	0.00009	3.61E-05	-3236.397476	0.285669549	2.41E-05	0.134485923	0.000317	0.110437823	0.10263065	0.195740782	0.591166652
Ayan	tree	0:STABLE-EXDEL	0	0	-3	-3	0.001654217	8.75E-05	0.05287779	1773	2112	363053	7523006	0.8457875	0.4419563	0.4513152	0.00008	1.59E-05	-3273.33268	0.402498988	1.05E-05	0.000340207	0.000316	0.043370043	0.066112865	0.164949551	0.725557053
Ayan	tree	0:STABLE-STABLE	0	0	0	0	0.001970935	6.26E-04	0.31738197	19	11	3111	4636	0.5480169	-0.2294198	0.4596774	0.00008	0.000373298	-6.012875731	4.517115154	0.020240431	44.82703802	0.937041	4.81E-06	0.04806286	0.931571065	0.000120835
Ayan	tree	0:STABLE-TOL	0	0	-1	-1	0.001935263	4.87E-04	0.25182264	5221	6724	921175	4578230	0.8869882	0.7437052	0.4641065	0.00009	0.000196456	-4994.64086	0.238028856	0.135208135	0.000274989	0.594095	0.125315012	0.091396287	0.156892922	0.491187645
Ayan	tree	0:TOL-DEL	0	-1	-2	-1	0.002118011	2.65E-04	0.12492309	804	627	131290	767070	0.9504647	0.6207643	0.4671933	0.00007	0.000236539	-2306.895217	0.277443551	0.000109682	0.002708752	0.001152	0.129436591	0.115544708	0.215197519	0.539711501
Ayan	tree	0:TOL-EXDEL	0	-1	-3	-2	0.001999437	7.24E-05	0.03623441	195	144	32546	623892	0.7635038	0.4697315	0.4509804	0.00007	0.000670573	-4496.735016	0.442151037	4.70E-05	0.646967162	0.003035	0.027384085	0.048365955	0.132640592	0.791562326
Ayan	tree	0:TOL-STABLE	0	-1	0	1	0.002209579	1.48E-03	0.66978077	2285	1979	361250	472322	1.0036828	1.0613305	0.4660196	0.00008	0.098140654	-3305.594165	2.531828401	0.460048694	2.554620294	1	1.93E-10	6.53E-08	2.18E-05	0.53992945
Ayan	tree	0:TOL-TOL	0	-1	-1	0	0.002043682	6.40E-04	0.31316824	4160	4850	700619	2549434	0.9277054	0.812194	0.4598995	0.00006	0.098798836	-4969.665161	0.362558062	0.274982547	0.001408054	0.907808	0.037224178	0.048513945	0.110890365	0.528388965
Cjapon	tree	0:DEL-DEL	0	-2	-2	0	0.004840857	0.001748613	0.36121967	734	237	47073	42849	0.4244509	0.50578457	0.4885928	0.00007	0.082572926	-4174.928379	4.165486922	0.343471181	0.160411242	1	1.76E-17	2.57E-13	3.70E-09	0.656528815
Cjapon	tree	0:DEL-EXDEL	0	-2	-3	-1	0.005125968	0.000482705	0.09416857	412	143	26778	89343	0.7598699	0.28916528	0.4969101	0.00007	0.00015445	-319.0549871	0.4925518	4.43E-05	0.503753609	0.001066	0.065888572	0.137037467	0.374232635	0.422797072
Cjapon	tree	0:DEL-STABLE	0	-2	0	2	0.006019675	0.010206404	1.69550748	2144	718	121276	23773	0.8723722	0.83243435	0.4923536	0.00008	0.063834894	-3211.734826	0.977418517	0.98846029	4.601051801	0.999999	4.35E-06	3.69E-05	0.000345013	0.011153443
Cjapon	tree	0:DEL-TOL	0	-2	-1	1	0.005367929	0.004473863	0.83344289	1061	356	62944	25079	0.5437221	0.49288602	0.4943182	0.00007	0.001069623	-3455.220211	3.265344669	0.48831706	4.144703776	1	1.69E-13	3.10E-10	5.60E-07	0.511682379
Cjapon	tree	0:EXDEL-DEL	0	-3	-2	1	0.00542017	0.012544206	2.31435665	205	62	12939	1771	0.8876074	1.10012064	0.5063241	0.00007	0.006767236	-869.8588434	0.026495929	0.989351306	12.21435565	0.999328	0.00903222	0.000565649	0.000577386	0.000473439
Cjapon	tree	0:EXDEL-EXDEL	0	-3	-3	0	0.005944931	0.000423109	0.07117146	29	8	1598	7165	0.6343318	1.16076993	0.4285714	0.00008	0.000150598	-512.4628217	4.524712323	0.040105462	2.443672567	1	9.66E-15	3.19E-10	9.24E-06	0.959885295
Cjapon	tree	0:EXDEL-STABLE	0	-3	0	3	0.005049423	0.182586448	36.15986498	1633	899	106551	1656	0.707939	0.80915245	0.4805763	0.00085	0.09999935	-580.7991665	0.011231311	0.989999992	49.99999363	0.99982	0.009369558	0.00024382	0.000235651	0.00015098
Cjapon	tree	0:EXDEL-TOL	0	-3	-1	2	0.005934285	0.048963873	8.25101528	225	81	12430	574	0.6779804	0.94431289	0.4788603	0.00007	0.000224735	-138.7493356	0.013985702	0.989975049	49.9832268	0.999821	0.009430074	0.000300079	0.000243856	5.09E-05
Cjapon	tree	0:STABLE-DEL	0	0	-2	-2	0.004577246	0.000567798	0.12404791	12085	6389	873558	3448550	0.7295518	0.36635229	0.5018906	0.00058	5.09E-05	-1163.674395	0.317590938	3.63E-05	0.103383153	0.000435	0.118689016	0.127457162	0.255978987	0.497838538
Cjapon	tree	0:STABLE-EXDEL	0	0	-3	-3	0.004479477	0.000160366	0.03580013	7432	4295	554092	7904393	0.7756697	0.19742885	0.5024774	0.00006	2.60E-07	-2562.373123	0.490059032	9.28E-08	0.038783698	0.000005	0.024104644	0.050309991	0.152953451	0.772631821
Cjapon	tree	0:STABLE-STABLE	0	0	0	0	0.005254222	0.002466817	0.46949224	86	30	5301	3418	0.6100409	-0.01136088	0.523913	0.00007	0.003102566	-9.770726075	0.988984458	0.071361575	48.81710091	0.962056	0.093093418	0.506207267	0.329305482	3.23E-05
Cjapon	tree	0:STABLE-TOL	0	0	-1	-1	0.004509847	0.001435226	0.31824263	20365	16426	1483961	3659931	0.6962576	0.5646432	0.5009957	0.00009	0.039725494	-4915.132051	0.127896244	1.75E-05	0.004785744	0.000063	0.358428677	0.122641973	0.16340655	0.355505269
Cjapon	tree	0:TOL-DEL	0	-1	-2	-1	0.005116793	0.000731146	0.14289136	3038	1177	198027	510907	0.76883	0.52776569	0.4984888	0.00008	8.32E-05	-1361.029246	0.286457757	6.52E-05	0.108575037	0.000665	0.140643369	0.130962043	0.246106951	0.482222424
Cjapon	tree	0:TOL-EXDEL	0	-1	-3	-2	0.00529229	0.000234394	0.04428963	963	384	63052	492963	0.9605155	0.2818791	0.5030503	0.00006	1.10E-05	-2082.229612	0.464605725	4.94E-06	0.066681612	0.000198	0.032425245	0.061957794	0.177003547	0.728608474
Cjapon	tree	0:TOL-STABLE	0	-1	0	1	0.005307601	0.004727894	0.89077802	10589	4960	665076	348859	0.7667137	0.75422314	0.494321	0.00008	0.099496313	-83.05323046	4.966821149	0.623202736	2.312944895	0.999999	9.64E-13	8.16E-08	0.003115061	0.373682122
Cjapon	tree	0:TOL-TOL	0	-1	-1	0	0.004849164	0.001901121	0.39205123	14401	9430	987950	1609480	0.756418	0.6344119	0.499325	0.00019	0.091432101	-4906.089608	0.151145545	0.113727044	2.258609274	0.604184	0.263022469	0.109398252	0.153763769	0.360088467
Did	tree	0:DEL-DEL	0	-2	-2	0	0.000924271	3.58E-04	0.387439	39	53	11776	47326	-0.03934627	0.54222283	0.5125	0.00007	0.00010711	-4657.786312	4.822686085	0.320792938	0.385446988	1	1.56E-20	1.03E-15	6.76E-11	0.679207062
Did	tree	0:DEL-EXDEL	0	-2	-3	-1	0.000640259	1.17E-04	0.18326186	19	34	7349	76524	-0.45918466	-0.24917443	0.3962963	0.00008	3.86E-05	-4615.308316	2.365873977	0.170268139	0.003467667	1	6.18E-10	1.43E-07	3.27E-05	0.82969902
Did	tree	0:DEL-STABLE	0	-2	0	2	0.001306885	1.23E-03	0.94437503	41	63	10491	21446	0.7434237	1.99068989	0.5244898	0.00005	1.35E-05	-4896.869581	4.647083258	0.422118449	49.92237806	1	6.19E-20	2.74E-15	1.20E-10	0.577881551
Did	tree	0:DEL-TOL	0	-2	-1	1	0.000936926	6.26E-04	0.6680413	36	48	13437	24638	0.95359323	0.56159121	0.4030612	0.00006	2.17E-05	-15.10527534	4.925934053	0.40860153	3.1679071	0.998415	8.23E-09	0.000424603	0.471944795	0.119029063
Did	tree	0:EXDEL-STABLE	0	-3	0	3	0.00058529	1.01E-01	171.9592881	22	97	12994	391	0.86754476	1.80364325	0.4648148	0.0001	0.099874838	-265.08434	0.012261369	0.98997894	49.97534503	0.99982	0.009423238	0.000265891	0.000240385	9.15E-05
Did	tree	0:STABLE-DEL	0	0	-2	-2	0.000727422	1.54E-04	0.21218763	1009	2196	394363	3529197	0.03626077	-0.50308659	0.4597662	0.00008	0.006470259	-553.7468153	0.274040851	0.000301815	0.260346527	0.002379	0.196257236	0.171324106	0.300333674	0.331783169
Did	tree	0:STABLE-EXDEL	0	0	-3	-3	0.00067389	6.09E-05	0.09044309	659	1783	284663	6778349	0.13693817	-0.74618025	0.4642606	0.00007	1.96E-06	-584.071884	0.476245574	8.95E-06	0.155909977	0.000222	0.054319418	0.107506224	0.299761176	0.538404232
Did	tree	0:STABLE-TOL	0	0	-1	-1	0.000727342	2.75E-04	0.37772151	1714	4205	678324	4079696	0.08894267	-0.22809792	0.4640659	0.00009	0.016604693	-501.9272207	0.157602641	0.002051211	0.17295074	0.007267	0.402359969	0.174621465	0.233258137	0.187709219
Did	tree	0:TOL-DEL	0	-1	-2	-1	0.000713072	1.94E-04	0.27222876	260	520	104972	691519	0.08898221	-0.35180699	0.4601316	0.00006	0.000167917	-709.9387712	0.210200605	0.002145522	0.056525412	0.010737	0.274133473	0.169688871	0.261063365	0.292968769
Did	tree	0:TOL-EXDEL	0	-1	-3	-2	0.000600816	6.36E-05	0.105812	78	162	33656	571986	-0.32782312	-0.84355104	0.4894495	0.00007	8.36E-06	-4735.626173	0.303141216	0.000118184	0.373856007	0.002255	0.085699259	0.086458403	0.172315172	0.655408982
Did	tree	0:TOL-STABLE	0	-1	0	1	0.000859447	6.14E-04	0.7143825	486	825	163710	433672	0.11322079	0.60712129	0.4446825	0.00008	0.036014849	-420.301332	4.337091226	0.478625775	3.689961682	1	5.39E-14	1.15E-09	2.10E-05	0.521353187
Did	tree	0:TOL-TOL	0	-1	-1	0	0.000766976	3.52E-04	0.45834308	1247	2934	475758	2332368	0.15979749	-0.03596077	0.4603528	0.00008	0.000119827	-3174.227282	0.100428556	0.025010673	49.65266147	0.773135	0.456101041	0.118514444	0.147639373	0.252734469
Dis	tree	0:DEL-DEL	0	-2	-2	0	0.002524373	0.000881495	0.34919355	447	210	40085	51796	-0.8224537	-0.94996228	0.5301508	0.00008	0.003694346	-456.159986	0.38977013	0.143778386	7.528417367	0.942729	0.088618816	0.127604071	0.286694019	0.353304708
Dis	tree	0:DEL-EXDEL	0	-2	-3	-1	0.002883828	0.000338667	0.11743674	359	164	30734	83252	-0.5178694	-1.61593504	0.5209916	0.00008	9.36E-06	-244.5051376	0.575496233	0.000236434	0.231034542	0.006358	0.047306929	0.128329238	0.40631011	0.41781729
Dis	tree	0:DEL-STABLE	0	-2	0	2	0.002554652	0.00272721	1.06754668	380	198	36398	22840	-0.5504619	0.48202319	0.5468932	0.00007	0.008636656	-4904.890148	3.425309247	0.663820108	3.491399845	1	7.31E-15	1.94E-11	5.10E-08	0.336179841
Dis	tree	0:DEL-TOL	0	-2	-1	1	0.003071405	0.001836868	0.59805475	425	180	33895	27034	-0.5469699	-0.08817289	0.5294221	0.00007	0.003523005	-471.3262327	3.232567442	0.407637938	5.188464258	1	1.67E-10	2.80E-07	0.000414399	0.591947383
Dis	tree	0:EXDEL-DEL	0	-3	-2	1	0.002108542	0.005431131	2.57577512	14	11	1605	564	-0.5213057	-0.04278945	0.3840909	0.00008	2.96E-05	-224.7813317	0.079961954	0.989831255	47.78277175	0.999881	0.006869398	0.00136453	0.001404079	0.000530738
Dis	tree	0:EXDEL-STABLE	0	-3	0	3	0.002203197	0.223202372	101.3084031	439	326	41779	426	-1.0698516	0.14497283	0.5391434	0.00008	3.95E-07	-0.037509897	0.017997195	0.989999678	49.99942212	0.999801	0.010000322	1.89E-17	0	0
Dis	tree	0:EXDEL-TOL	0	-3	-1	2	0.002948815	0.0284689	9.65435289	16	11	1601	154	0.1740055	1.46831428	0.5068182	0.00007	9.41E-05	-1367.883615	2.891125421	0.989779925	49.78236156	1	1.67E-12	1.29E-09	9.58E-07	0.010219116
Dis	tree	0:STABLE-DEL	0	0	-2	-2	0.002200089	0.000391812	0.17808931	11373	9232	1137784	4158032	-0.919736	-1.56937567	0.5190531	0.00008	2.39E-06	-568.710202	0.342029454	1.24E-05	0.065736694	0.000134	0.12799276	0.152207561	0.31205856	0.407728749
Dis	tree	0:STABLE-EXDEL	0	0	-3	-3	0.002024973	0.000173699	0.08577862	8416	9047	890325	8075991	-1.0072456	-1.88820573	0.5259138	0.00007	2.32E-07	-791.5233704	0.517092591	0.00000116	0.127885914	0.000042	0.035740742	0.081364431	0.253696078	0.629197589
Dis	tree	0:STABLE-STABLE	0	0	0	0	0.002831536	0.001335491	0.47164889	55	29	4422	5009	-0.7768721	-0.71038948	0.4876712	0.00007	4.69E-05	-253.2786241	4.113197779	0.436137322	0.054327863	1	2.56E-12	3.23E-08	0.000315602	0.563547043
Dis	tree	0:STABLE-TOL	0	0	-1	-1	0.002221026	0.000775732	0.34926764	17397	19150	1728483	4872224	-0.9113397	-1.25840442	0.5145148	0.00041	0.002684613	-857.5889688	0.166635875	3.71E-05	0.046496928	0.000144	0.349704296	0.162788177	0.228776204	0.258694198
Dis	tree	0:TOL-DEL	0	-1	-2	-1	0.00248682	0.000495778	0.19936203	4025	2234	366727	820232	-0.8229941	-1.48548969	0.5108021	0.00009	0.000944695	-394.7468502	0.339739969	4.94E-05	0.101171264	0.000474	0.146940862	0.172494328	0.341412553	0.339102894
Dis	tree	0:TOL-EXDEL	0	-1	-3	-2	0.002329609	0.000168031	0.0721283	1285	664	125727	662880	-0.8019084	-1.69403802	0.5187831	0.00009	1.40E-05	-2156.511646	0.4313379	3.17E-05	0.377220167	0.001197	0.041164063	0.069832706	0.18495854	0.70401302
Dis	tree	0:TOL-STABLE	0	-1	0	1	0.002552248	0.001625303	0.63681234	5940	3418	540836	515321	-0.7367638	-0.54813451	0.5082782	0.00006	0.003326676	-719.1118717	0.517653299	0.450860266	2.913134922	0.988604	0.020547509	0.046837336	0.145450624	0.336304266
Dis	tree	0:TOL-TOL	0	-1	-1	0	0.002364466	0.000962225	0.40695249	13882	13027	1317351	2863297	-0.8560855	-1.04794141	0.5155907	0.00025	0.003650433	-4763.721479	0.115249877	0.022781362	48.44579058	0.782808	0.389487367	0.118272654	0.153031722	0.316426895
Laca	tree	0:DEL-DEL	0	-2	-2	0	0.007949371	0.002594502	0.32637825	1910	427	76249	52593	0.5277564	0.5584741	0.485676	0.00008	0.088029974	-3918.97753	3.260392082	0.318570133	0.098012906	1	1.56E-13	2.84E-10	5.08E-07	0.681429358
Laca	tree	0:DEL-EXDEL	0	-2	-3	-1	0.007567957	0.000955474	0.1262526	1398	337	58272	104291	0.4993446	0.2044898	0.4894472	0.00009	8.60E-05	-4978.739325	0.281842452	0.016911855	0.00842775	0.188803	0.099113289	0.090470758	0.17176307	0.621741028
Laca	tree	0:DEL-STABLE	0	-2	0	2	0.007676648	0.042836483	5.58010243	12003	3428	502234	28532	0.5857876	1.1113351	0.4996913	0.00321	0.01198344	-0.003706879	0.015079468	0.989999796	49.99996188	0.999799	0.010000204	0	0	0
Laca	tree	0:DEL-TOL	0	-2	-1	1	0.007746799	0.010815136	1.39607813	4185	990	172156	31307	0.5478752	0.8936926	0.4928478	0.0001	0.092984725	-4198.622525	4.013830023	0.746624856	49.11633145	1	2.96E-17	3.05E-13	3.10E-09	0.253375141
Laca	tree	0:EXDEL-DEL	0	-3	-2	1	0.00907757	0.017499806	1.92780725	553	103	20446	2031	0.7974033	0.9217153	0.5028592	0.00007	0.099862863	-1525.080818	2.576289917	0.989874636	30.70650682	1	1.76E-11	6.59E-09	2.38E-06	0.010122977
Laca	tree	0:EXDEL-EXDEL	0	-3	-3	0	0.006844361	0.000969577	0.14166068	149	24	6767	8707	0.4252776	0.9566056	0.4745763	0.00007	0.000798114	-4923.846927	4.85164734	0.124647335	0.030641243	1	1.14E-20	8.11E-16	5.68E-11	0.875352665
Laca	tree	0:EXDEL-STABLE	0	-3	0	3	0.007750985	0.509347386	65.71389164	8275	3439	352032	2442	0.7127506	1.1879152	0.5055326	0.00145	4.97E-05	-0.565459872	0.010139048	0.989984946	49.99419872	0.999805	0.010008079	6.97E-06	1.18E-13	0
Laca	tree	0:EXDEL-TOL	0	-3	-1	2	0.009817287	0.122175993	12.44498494	1153	243	41339	759	1.0422325	1.4721807	0.488494	0.00041	0.000103524	-774.8156438	0.012858871	0.989947556	49.95791009	0.999822	0.009295602	0.000277938	0.000273658	0.000205246
Laca	tree	0:STABLE-DEL	0	0	-2	-2	0.006433541	0.001066418	0.16575912	28377	13465	1377026	3677377	0.451607	0.1396153	0.5038958	0.00004	3.64E-07	-4999.528845	0.222091392	2.01E-06	0.027956521	0.000017	0.165272446	0.110245459	0.182440657	0.542039423
Laca	tree	0:STABLE-EXDEL	0	0	-3	-3	0.006626961	0.000477023	0.07198211	22697	14057	1075688	8532212	0.4795855	0.1142131	0.5028457	0.00009	6.24E-07	-4999.966127	0.380014419	0.013937636	9.43E-05	0.297051	0.043605831	0.060948925	0.145026948	0.736480659
Laca	tree	0:STABLE-STABLE	0	0	0	0	0.009026714	0.004914614	0.54445212	288	62	11031	3760	0.9440663	0.2328027	0.4514205	0.00007	0.000568126	-2.88504497	4.679438717	0.011144291	0.000284227	0.046593	7.46E-05	0.31908518	0.669695946	3.01E-11
Laca	tree	0:STABLE-TOL	0	0	-1	-1	0.006122971	0.002316481	0.37832625	40797	29950	2076417	3886676	0.4433056	0.2791555	0.5042992	0.00052	2.14E-06	-2135.962691	0.123416924	2.88E-05	0.013357772	0.00009	0.411942713	0.135139926	0.176488206	0.276400334
Laca	tree	0:TOL-DEL	0	-1	-2	-1	0.007401919	0.001400186	0.18916527	9600	2817	412499	600751	0.5387276	0.2490123	0.5020329	0.00004	2.85E-06	-4979.682318	0.202557255	1.65E-05	0.035072317	0.000116	0.194303146	0.115370988	0.182530361	0.507778996
Laca	tree	0:TOL-EXDEL	0	-1	-3	-2	0.007788702	0.000533287	0.06846924	3996	1027	161789	570277	0.4983122	0.2118648	0.501487	0.00007	2.02E-05	-4996.874506	0.496494444	0.039539783	0.000281819	0.754137	0.01579703	0.033726369	0.104901505	0.806035314
Laca	tree	0:TOL-STABLE	0	-1	0	1	0.006819801	0.011023793	1.61643893	28963	13261	1331282	400865	0.4706221	0.7648983	0.5020386	0.00093	0.099860857	-516.405232	0.013044209	0.989623232	10.61571036	0.999145	0.00963545	0.000291578	0.000280902	0.000168837
Laca	tree	0:TOL-TOL	0	-1	-1	0	0.006448528	0.00311965	0.48377703	30838	18809	1495757	1885004	0.4602866	0.458303	0.504522	0.00022	0.019711144	-4795.716689	4.398425205	0.480199621	0.043268873	1	7.54E-19	1.89E-14	4.65E-10	0.519800379
Lfor	tree	0:DEL-DEL	0	-2	-2	0	0.008198573	0.002918109	0.35592886	3170	571	100764	52323	-0.3164647	-0.2147033	0.4996088	0.00008	0.094162268	-455.0015378	4.977247498	0.304462191	1.095206333	1	3.54E-16	3.31E-11	2.66E-06	0.695535144
Lfor	tree	0:DEL-EXDEL	0	-2	-3	-1	0.008419527	0.001202801	0.14285845	3089	547	95226	103911	-0.3321369	-0.79180642	0.5011085	0.00007	1.52E-05	-2757.013309	0.277436148	8.09E-05	0.05919465	0.000918	0.123203743	0.110009045	0.205449721	0.561256589
Lfor	tree	0:DEL-STABLE	0	-2	0	2	0.008728029	0.032192029	3.68835037	13788	2889	414971	28158	-0.2856998	0.47464459	0.504903	0.0001	1.53E-06	-0.000839791	0.470887106	0.989998453	49.9990654	0.999798	0.010001547	0	0	0
Lfor	tree	0:DEL-TOL	0	-2	-1	1	0.008488681	0.009551532	1.125208	5367	1002	165207	31073	-0.3062444	0.21299294	0.4944567	0.00017	0.077715732	-4780.135418	4.381705381	0.580455951	49.66203057	1	7.31E-19	1.76E-14	4.17E-10	0.419544049
Lfor	tree	0:EXDEL-DEL	0	-3	-2	1	0.007948345	0.01990591	2.50440946	688	118	21992	1969	-0.41271	0.73535185	0.512807	0.00008	0.057500717	-3320.512939	3.148729909	0.989688849	49.68270929	1	1.16E-14	1.63E-11	2.25E-08	0.010311128
Lfor	tree	0:EXDEL-EXDEL	0	-3	-3	0	0.008183256	0.001129801	0.13806249	291	39	9650	8539	-0.1552144	-0.48702959	0.468806	0.00008	0.037671154	-4873.030387	0.306581092	0.024650933	47.74495169	0.951928	0.080534567	0.082535889	0.165842769	0.646435842
Lfor	tree	0:EXDEL-STABLE	0	-3	0	3	0.008835927	0.442344601	50.06204919	9999	3070	297876	2309	-0.2775829	0.75641385	0.5167317	0.00026	2.13E-06	-0.002168429	0.548740286	0.989997126	49.99909674	0.999798	0.010002874	0	0	0
Lfor	tree	0:EXDEL-TOL	0	-3	-1	2	0.010232075	0.094797864	9.26477419	1259	200	32680	690	-0.2419576	0.66562289	0.4987406	0.00009	6.63E-06	-0.028646755	0.537899631	0.989987838	49.99397111	0.999801	0.010012162	1.11E-18	0	0
Lfor	tree	0:STABLE-DEL	0	0	-2	-2	0.006941222	0.001262079	0.18182373	49409	21857	1801506	3678459	-0.4286855	-1.03447281	0.5145994	0.00085	1.98E-06	-325.6292626	0.371603023	1.11E-05	0.06824675	0.000117	0.130890272	0.174795485	0.364197058	0.33010606
Lfor	tree	0:STABLE-EXDEL	0	0	-3	-3	0.00705965	0.000571944	0.08101593	40640	23634	1447420	8533241	-0.4532612	-1.1223233	0.5134489	0.00008	1.10E-07	-2042.505803	0.402855863	2.50E-07	0.061508922	0.000006	0.052292775	0.07976028	0.197672511	0.670274183
Lfor	tree	0:STABLE-STABLE	0	0	0	0	0.009961	0.006096025	0.61198924	570	88	15371	3760	-0.1966458	-0.3110613	0.4937236	0.00007	0.060822545	-4224.103565	3.43096411	0.629126725	0.018251868	1	1.27E-14	3.43E-11	9.10E-08	0.370873184
Lfor	tree	0:STABLE-TOL	0	0	-1	-1	0.006686358	0.002756031	0.41218713	64341	45993	2430345	3888204	-0.4364563	-0.72791018	0.5145589	0.00067	4.73E-06	-145.6258592	0.197378297	8.07E-05	0.07439371	0.000276	0.406671887	0.22757877	0.280201017	0.085467598
Lfor	tree	0:TOL-DEL	0	-1	-2	-1	0.007651488	0.001665425	0.21766024	18011	4472	606180	600419	-0.3626127	-0.86735346	0.5088726	0.00009	1.53E-06	-329.5634877	0.319594071	1.19E-05	0.051614106	0.000094	0.175098732	0.187996274	0.348785009	0.288108125
Lfor	tree	0:TOL-EXDEL	0	-1	-3	-2	0.008060555	0.000608542	0.07549624	8355	1707	262780	569939	-0.4221198	-1.17040644	0.5036057	0.00008	5.07E-06	-1903.978086	0.419031311	8.39E-06	0.101341695	0.00024	0.047645555	0.077221539	0.19833046	0.676794053
Lfor	tree	0:TOL-STABLE	0	-1	0	1	0.007575297	0.010301866	1.35992886	40222	14292	1362609	400159	-0.3758814	0.09783928	0.5107698	0.00039	0.072889526	-4104.529281	3.528671219	0.812830468	29.32445687	1	2.75E-15	9.27E-12	3.08E-08	0.187169501
Lfor	tree	0:TOL-TOL	0	-1	-1	0	0.006897766	0.003546754	0.51418876	48814	26689	1790576	1884429	-0.4296291	-0.4682679	0.5136798	0.00455	0.011373593	-4196.667152	0.412464552	0.47328881	0.155798733	0.972205	0.019031267	0.030134224	0.077138074	0.400407625
Peu	tree	0:DEL-DEL	0	-2	-2	0	0.007362331	0.003340203	0.45368823	1383	292	56689	25769	0.2960745	0.19073685	0.4343411	0.00008	0.012622238	-100.1647934	3.192789068	0.414057665	0.331381493	0.99994	3.10E-08	4.51E-05	0.036081558	0.549815667
Peu	tree	0:DEL-EXDEL	0	-2	-3	-1	0.007047691	0.001594562	0.22625313	1531	335	66864	52986	0.3855853	-0.43888777	0.4203981	0.00008	0.004276781	-115.5829075	0.393400054	0.000174675	3.490459668	0.005027	0.173413847	0.246414238	0.438361384	0.141635856
Peu	tree	0:DEL-STABLE	0	-2	0	2	0.007693095	0.021962596	2.85484525	2738	682	113659	13812	0.5578068	2.41862298	0.4275065	0.00052	0.00715171	-641.5301862	0.011852872	0.989933406	49.94041302	0.99982	0.009386905	0.000258139	0.000251247	0.000170302
Peu	tree	0:DEL-TOL	0	-2	-1	1	0.007977492	0.008978926	1.12553247	1450	309	60133	13459	0.7281464	1.61518871	0.41744	0.00008	0.00774088	-4271.450048	3.923346936	0.647427842	49.93024141	1	9.39E-17	7.86E-13	6.48E-09	0.352572152
Peu	tree	0:EXDEL-DEL	0	-3	-2	1	0.007757633	0.021863137	2.81827433	124	23	5144	513	0.5846341	2.80723415	0.3863636	0.00004	1.54E-05	-3935.66322	1.653948096	0.989728318	49.71489717	1	7.81E-09	3.44E-07	1.53E-05	0.010256065
Peu	tree	0:EXDEL-EXDEL	0	-3	-3	0	0.00836073	0.001152349	0.13782878	49	10	1745	2069	0.2264533	-0.53903122	0.3790909	0.00007	5.36E-05	-79.44470824	4.893289173	0.056886495	29.41484176	0.999998	4.70E-12	3.34E-07	0.010390617	0.932722553
Peu	tree	0:EXDEL-STABLE	0	-3	0	3	0.006819806	0.207205783	30.38294449	663	193	31745	466	0.6630578	3.2165929	0.4324437	0.00024	1.00E-05	-577.3810105	0.010949995	0.989981835	49.97692316	0.999819	0.009402523	0.000238462	0.000230245	0.000146935
Peu	tree	0:EXDEL-TOL	0	-3	-1	2	0.007556199	0.120185407	15.90553836	185	41	8403	176	0.9029295	3.3121171	0.4361925	0.00007	1.80E-05	-2329.36915	0.012122565	0.989962047	49.98866212	0.999824	0.009200471	0.000259995	0.000263343	0.000314143
Peu	tree	0:STABLE-DEL	0	0	-2	-2	0.007232355	0.001533758	0.21206893	20304	9381	860928	1513064	0.3692525	-0.51353983	0.4250157	0.00009	2.60E-06	-88.38040065	0.4634501	1.23E-05	0.067792156	0.000114	0.140981521	0.256069824	0.482689637	0.120246683
Peu	tree	0:STABLE-EXDEL	0	0	-3	-3	0.007258418	0.000405393	0.05585143	15076	6260	637999	3417931	0.3767194	-0.90112713	0.4257231	0.00019	1.85E-06	-850.7908188	0.541134379	2.59E-07	10.40963364	0.00011	0.029231874	0.072014756	0.238103615	0.660649496
Peu	tree	0:STABLE-STABLE	0	0	0	0	0.007388345	0.005230195	0.70789801	89	23	3804	1437	0.4931054	0.61259423	0.4239496	0.00007	2.94E-05	-36.52426672	4.629401789	0.463666054	5.203626868	0.999964	4.74E-10	1.65E-05	0.101914701	0.434402745
Peu	tree	0:STABLE-TOL	0	0	-1	-1	0.007255813	0.003377808	0.46553134	25945	18474	1103307	1510492	0.3973591	-0.08472422	0.4257774	0.00032	0.002439169	-24.48519454	0.286383488	0.000378547	0.386636206	0.001413	0.440644534	0.349165804	0.208100092	0.001711023
Peu	tree	0:TOL-DEL	0	-1	-2	-1	0.007267515	0.002171738	0.29882814	8151	2310	344145	283273	0.3718382	-0.23139272	0.4211712	0.00008	4.26E-05	-114.4224932	0.297198296	3.69E-05	0.67921911	0.000259	0.271707432	0.257466641	0.370252415	0.10053665
Peu	tree	0:TOL-EXDEL	0	-1	-3	-2	0.007502989	0.000745115	0.09930904	3593	862	147826	281631	0.3992553	-0.57084823	0.4225387	0.00063	4.44E-05	-636.8670216	0.436121797	0.000211806	0.276635099	0.004605	0.067517629	0.116000847	0.2968984	0.519371318
Peu	tree	0:TOL-STABLE	0	-1	0	1	0.007343861	0.008740459	1.1901721	13075	4479	551046	178776	0.4115435	0.99734976	0.4264977	0.00035	0.012199127	-183.9930451	3.886287067	0.775287464	12.910309	1	1.74E-11	1.29E-07	0.000676222	0.224036185
Peu	tree	0:TOL-TOL	0	-1	-1	0	0.00727344	0.004324028	0.59449562	20246	11276	861199	778027	0.4098015	0.24542014	0.4243791	0.00021	0.004741818	-179.7077636	0.113075601	0.082902186	2.252029907	0.344124	0.538575651	0.15667474	0.167207974	0.054639449
Pil	tree	0:DEL-DEL	0	-2	-2	0	0.000264828	7.36E-05	0.27787839	11	23	5918	74063	-1.8052493	-0.66857218	0.3333333	0.00008	0.072624692	-4835.881171	4.524238716	0.109471492	44.56759945	1	3.50E-19	1.17E-14	3.85E-10	0.890528508
Pil	tree	0:DEL-EXDEL	0	-2	-3	-1	0.000860795	5.44E-05	0.06325351	22	33	7079	165187	-0.1238158	-0.18909038	0.5	0.00008	1.72E-05	-4904.997087	4.738669856	0.053199008	2.035281986	1	3.97E-20	2.17E-15	1.17E-10	0.946800992
Pil	tree	0:DEL-STABLE	0	-2	0	2	0.000389653	1.15E-03	2.96308751	45	108	25904	41128	-0.8752414	2.23186992	0.2784314	0.00004	0.058725332	-2979.690132	2.835015244	0.987194631	49.89987825	1	3.70E-13	2.52E-10	1.69E-07	0.0128052
Pil	tree	0:DEL-TOL	0	-2	-1	1	0.000804282	3.44E-04	0.42832541	17	32	7780	37380	1.0853027	1.618342	0.4568182	0.00006	0.000111944	-4396.501069	3.58324643	0.23416059	49.20204138	1	5.17E-15	1.98E-11	7.45E-08	0.765839335
Pil	tree	0:EXDEL-STABLE	0	-3	0	3	0.000318256	4.37E-02	137.3726287	18	95	22344	1107	1.4507675	3.23741973	0.4	0.00009	4.67E-05	-516.3799726	0.01038496	0.989970937	49.97827198	0.999818	0.009454588	0.00022708	0.000217445	0.00012995
Pil	tree	0:STABLE-DEL	0	0	-2	-2	0.000424094	5.58E-05	0.13150933	398	959	199007	4797493	-1.0916794	-0.10509937	0.4311563	0.00007	0.028224044	-4997.657226	4.979409312	0.073266749	49.7726362	1	3.06E-21	2.91E-16	2.73E-11	0.926733251
Pil	tree	0:STABLE-EXDEL	0	0	-3	-3	0.000321995	2.68E-05	0.08324031	293	1118	246526	11354687	-0.223515	-0.20555194	0.4422741	0.00006	3.55E-05	-4990.425373	4.956910815	0.079185232	0.191219424	1	3.85E-21	3.48E-16	3.11E-11	0.920814768
Pil	tree	0:STABLE-TOL	0	0	-1	-1	0.00045495	8.04E-05	0.17676893	594	1368	267133	4814283	-1.2036892	-0.04580264	0.4247813	0.00008	0.040003548	-4992.71534	4.966955841	0.094576079	49.80197703	1	3.41E-21	3.15E-16	2.88E-11	0.905423921
Pil	tree	0:TOL-DEL	0	-1	-2	-1	0.000387241	4.76E-05	0.12299583	63	158	34039	962606	-1.1025009	0.05940709	0.3684524	0.00007	0.024392409	-4982.57261	4.922928673	0.065031867	49.47766748	1	5.57E-21	4.66E-16	3.84E-11	0.934968133
Pil	tree	0:TOL-EXDEL	0	-1	-3	-2	0.000818799	3.02E-05	0.03682521	87	109	22012	965853	-1.1421572	-0.27520693	0.3960396	0.00007	0.021267547	-4997.042393	4.98645626	0.020922853	48.24215237	1	3.01E-21	2.91E-16	2.78E-11	0.979077147
Pil	tree	0:TOL-STABLE	0	-1	0	1	0.000735867	2.22E-04	0.30129592	301	396	77102	587713	-1.4364963	0.6328901	0.4087644	0.00006	0.023369551	-4995.359148	4.978944981	0.124718324	49.93031979	1	2.91E-21	2.77E-16	2.60E-11	0.875281676
Pil	tree	0:TOL-TOL	0	-1	-1	0	0.000561676	8.10E-05	0.14421457	273	669	123440	2538818	-0.4726939	0.31441197	0.4444606	0.00007	0.014576661	-4980.932213	4.910472913	0.080790016	49.55107317	1	6.23E-21	5.06E-16	4.06E-11	0.919209984
Pru	tree	0:DEL-DEL	0	-2	-2	0	0.003149913	0.000999543	0.31732394	733	249	58294	58611	-0.46570479	-0.687836631	0.3966019	0.00008	0.000896524	-4909.486862	0.163866209	0.037892303	48.95560459	0.905007	0.257366695	0.117871045	0.17059146	0.416278498
Pru	tree	0:DEL-EXDEL	0	-2	-3	-1	0.00287333	0.000367479	0.12789292	560	200	49050	130004	-0.44796679	-0.633480828	0.3964336	0.00008	0.000224213	-4933.98258	0.393306744	0.068802138	0.007165136	0.710245	0.03700125	0.054473155	0.133626676	0.706096781
Pru	tree	0:DEL-STABLE	0	-2	0	2	0.002763948	0.00318005	1.15054621	865	333	81133	32166	-0.33609123	0.374417384	0.4129933	0.00008	0.049061455	-4609.145587	4.128335356	0.638155206	48.91848152	1	9.31E-18	1.25E-13	1.65E-09	0.361844792
Pru	tree	0:DEL-TOL	0	-2	-1	1	0.00272747	0.001489647	0.54616444	420	172	38750	29410	-0.44784854	-0.399371664	0.4178571	0.00008	0.005865936	-210.4793364	0.990431419	0.32127042	11.91626476	0.998588	0.003399655	0.029158995	0.227301913	0.418869017
Pru	tree	0:EXDEL-DEL	0	-3	-2	1	0.001915417	0.00463284	2.41871125	16	11	1863	668	-0.77591093	-0.006667451	0.4714286	0.00005	0.000159274	-2194.754605	0.476616979	0.987828841	13.75155216	0.999979	0.000351092	0.000699571	0.002056551	0.009063946
Pru	tree	0:EXDEL-STABLE	0	-3	0	3	0.002789491	0.205548134	73.68659652	798	358	73875	591	-0.35098799	0.850500319	0.3879023	0.00068	8.04851E-05	-353.2424387	0.012424233	0.98992087	49.96794497	0.999819	0.009436476	0.000270843	0.000252773	0.000119038
Pru	tree	0:EXDEL-TOL	0	-3	-1	2	0.003159023	0.031405164	9.94141678	41	19	3732	212	0.08035927	0.919677952	0.4105769	0.00008	7.18E-05	-1536.75719	0.795825669	0.989866351	49.92399668	0.999999	3.17E-05	0.000165881	0.00100573	0.008930339
Pru	tree	0:STABLE-DEL	0	0	-2	-2	0.002785477	0.00046408	0.1666069	14253	9712	1286494	4829728	-0.45341333	-0.760652527	0.4145599	0.00006	3.43E-06	-4999.291505	0.231477194	0.000181743	0.018388295	0.001623	0.152915378	0.107568864	0.181895177	0.557438838
Pru	tree	0:STABLE-EXDEL	0	0	-3	-3	0.002749219	0.000208303	0.07576797	12820	11155	1181440	12173630	-0.42457327	-0.812201666	0.4147335	0.00008	8.18E-07	-4999.508797	0.418295053	0.023692772	0.00010217	0.495633	0.031237678	0.050560437	0.131378698	0.763130415
Pru	tree	0:STABLE-STABLE	0	0	0	0	0.003930977	0.0013356	0.33976275	115	23	7064	4583	-0.59054448	-0.214688242	0.4010067	0.00007	0.054244201	-4617.772841	4.207198798	0.257732152	2.343626217	1	8.62E-18	1.39E-13	2.20E-09	0.742267846
Pru	tree	0:STABLE-TOL	0	0	-1	-1	0.002721103	0.000882955	0.32448432	18273	17660	1691044	4816969	-0.44748469	-0.611044991	0.4102549	0.00019	2.50E-05	-4995.347252	0.234417771	0.195543744	0.000126186	0.688208	0.120102647	0.085875819	0.146197413	0.452280376
Pru	tree	0:TOL-DEL	0	-1	-2	-1	0.00299728	0.000604839	0.20179591	5416	2310	451929	907758	-0.47291649	-0.657458627	0.4153404	0.00009	2.40E-05	-4990.164476	0.297448141	0.102430891	0.000628649	0.636341	0.079403778	0.078034309	0.153567988	0.586563034
Pru	tree	0:TOL-EXDEL	0	-1	-3	-2	0.002995159	0.000210467	0.07026888	2291	849	194730	921887	-0.40601141	-0.792270139	0.4145083	0.00008	1.06E-05	-4996.061401	0.489111002	0.035661891	0.000515947	0.722424	0.016895254	0.035178493	0.10757583	0.804688532
Pru	tree	0:TOL-STABLE	0	-1	0	1	0.002926582	0.001638035	0.55970907	7232	3426	634489	551023	-0.37385904	-0.274086742	0.4155339	0.00007	0.03727794	-119.2734103	3.838925861	0.412458136	3.394204409	0.999998	3.30E-10	2.14E-06	0.008214692	0.579325027
Pru	tree	0:TOL-TOL	0	-1	-1	0	0.002781161	0.00102871	0.3698849	12589	9663	1148163	2338735	-0.42017777	-0.489745353	0.4090758	0.00007	0.067188359	-4955.351739	0.554993212	0.354271903	0.000257804	0.98455	0.006460358	0.016711899	0.05946087	0.56309497
Pnig	tree	0:DEL-DEL	0	-2	-2	0	1.58E-03	3.09E-04	1.95E-01	32	53	8241	64026	1.621864	1.179001	0.5	0.00008	5.32E-05	-3933.259895	4.441523098	0.101313796	4.436660076	1	2.04E-18	5.62E-14	1.53E-09	0.898686202
Pnig	tree	0:DEL-STABLE	0	-2	0	2	1.80E-03	9.99E-02	5.57E+01	2562	3644	584290	13804	1.748315	1.294907	0.4596226	0.01362	0.0049475	-0.254321369	0.010014891	0.989999417	49.99996908	0.999804	0.010000163	4.20E-07	0	0
Pnig	tree	0:DEL-TOL	0	-2	-1	1	1.91E-03	1.80E-02	9.40E+00	957	1159	205062	25230	1.758888	1.488619	0.4518102	0.00031	0.000195029	-288.2801869	0.010361768	0.989986209	49.99154123	0.999817	0.009498486	0.000226263	0.000205747	8.33E-05
Pnig	tree	0:EXDEL-STABLE	0	-3	0	3	1.74E-03	1.16E+00	6.65E+02	1039	1728	242535	576	1.692965	1.39734	0.4493464	0.00148	0.002632182	-0.134960585	0.010010635	0.989999382	49.9998205	0.999802	0.010000611	7.49E-09	0	0
Pnig	tree	0:STABLE-DEL	0	0	-2	-2	1.81E-03	6.44E-05	3.55E-02	1836	2437	396457	14637508	1.482642	1.417878	0.4582688	0.00008	1.42E-06	-4986.360816	4.936269309	0.035898031	0.005370664	1	5.00E-21	4.31E-16	3.66E-11	0.964101969
Pnig	tree	0:STABLE-EXDEL	0	0	-3	-3	1.68E-03	5.10E-05	3.04E-02	858	1326	197167	9971678	1.401967	1.367642	0.4508015	0.00008	3.79E-06	-4977.056752	4.892557148	0.030493946	0.007568762	1	7.92E-21	6.18E-16	4.75E-11	0.969506054
Pnig	tree	0:STABLE-TOL	0	0	-1	-1	1.86E-03	2.58E-04	1.38E-01	6735	9777	1428815	14776316	1.53646	1.456188	0.4622225	0.00008	2.78E-07	-4995.035252	4.972912778	0.12688461	0.317921838	1	3.09E-21	2.89E-16	2.68E-11	0.87311539
Pnig	tree	0:TOL-DEL	0	-1	-2	-1	2.35E-03	1.08E-04	4.57E-02	914	874	153021	3131563	1.516354	1.394654	0.4684394	0.00009	3.53E-06	-4947.422325	4.837124279	0.039713544	0.5246324	1	1.42E-20	9.75E-16	6.60E-11	0.960286456
Pnig	tree	0:TOL-STABLE	0	-1	0	1	1.90E-03	2.69E-03	1.42E+00	7513	11545	1621746	1675297	1.761556	1.474276	0.4671285	0.00323	5.24E-06	-0.062579864	0.010000301	0.407499055	4.984764091	0.785282	0.592500945	4.16E-11	0	0
Pnig	tree	0:TOL-TOL	0	-1	-1	0	1.85E-03	5.94E-04	3.22E-01	10488	17703	2263581	11698237	1.589791	1.500737	0.4645267	0.00007	7.05E-08	-4994.646438	4.975805145	0.274935038	0.55823812	1	2.49E-21	2.35E-16	2.19E-11	0.725064962
Ptrich	tree	0:DEL-DEL	0	-2	-2	0	4.76E-03	1.14E-03	2.40E-01	898	282	49293	62472	-0.58671923	-0.7088631	0.4496501	0.00008	0.080388699	-4402.175891	0.479580014	0.202030081	0.201379183	0.945188	0.016114543	0.032471363	0.097034476	0.652349537
Ptrich	tree	0:DEL-EXDEL	0	-2	-3	-1	2.63E-03	2.35E-04	8.94E-02	24	13	1726	14490	-1.51747168	-0.5014642	0.3359375	0.00007	7.90E-05	-1376.258179	4.469887851	0.051983412	2.049135038	1	1.77E-16	5.21E-12	1.46E-07	0.948016442
Ptrich	tree	0:DEL-STABLE	0	-2	0	2	5.33E-03	4.59E-02	8.61E+00	4165	1566	237174	12697	0.03010144	1.0283338	0.449269	0.00005	1.45E-06	-0.001409584	0.441733929	0.989997652	49.99915534	0.999798	0.010002348	0	0	0
Ptrich	tree	0:DEL-TOL	0	-2	-1	1	5.21E-03	7.71E-03	1.48E+00	1611	537	89812	23998	-0.16103569	0.6258972	0.454372	0.00008	0.037839655	-4882.005812	4.740953139	0.743648691	49.92179089	1	1.07E-20	5.91E-16	3.21E-11	0.256351309
Ptrich	tree	0:EXDEL-STABLE	0	-3	0	3	5.18E-03	1.28E+00	2.47E+02	844	378	48394	126	-0.06573634	1.8044714	0.4394941	0.00008	1.19E-05	-0.008965575	0.407296437	0.989984365	49.99403927	0.999799	0.010015635	0	0	0
Ptrich	tree	0:STABLE-DEL	0	0	-2	-2	4.07E-03	4.54E-04	1.11E-01	45172	28680	3192650	14641034	-0.19555759	-1.0148334	0.4509458	0.00015	1.09E-07	-407.7772632	0.478168291	3.48E-07	0.078644171	0.000007	0.06369973	0.126502923	0.343746597	0.466050402
Ptrich	tree	0:STABLE-EXDEL	0	0	-3	-3	4.12E-03	3.59E-04	8.70E-02	21894	15089	1519029	9973412	-0.2235724	-0.9392683	0.460222	0.0001	1.01E-06	-1466.250128	0.405564465	2.64E-06	0.099018281	0.000062	0.058600404	0.090231743	0.223263216	0.627901998
Ptrich	tree	0:STABLE-STABLE	0	0	0	0	4.88E-03	1.99E-03	4.08E-01	38	15	2651	2078	0.54783618	-0.3282746	0.5177239	0.00007	7.14E-05	-9.611220026	4.755515796	0.136087106	46.05924439	0.997581	2.11E-07	0.005621824	0.843040995	0.015249864
Ptrich	tree	0:STABLE-TOL	0	0	-1	-1	4.02E-03	1.36E-03	3.37E-01	79328	75921	5703012	14782283	-0.17770198	-0.5410087	0.4541445	0.00075	1.87E-05	-218.6296414	0.222873404	9.92E-05	0.030707369	0.000413	0.329565909	0.216930523	0.306043464	0.147360856
Ptrich	tree	0:TOL-DEL	0	-1	-2	-1	4.20E-03	6.46E-04	1.54E-01	19037	8316	1298480	3130953	-0.21335668	-0.8476529	0.4582734	0.00038	4.28E-05	-678.8481214	0.339413696	9.98E-05	0.213160691	0.001217	0.122504079	0.144248709	0.297279464	0.435867944
Ptrich	tree	0:TOL-EXDEL	0	-1	-3	-2	4.24E-03	2.36E-05	5.58E-03	211	85	14041	835983	-0.28243187	-0.9860971	0.4115954	0.00007	0.000119125	-4956.704077	2.182125227	0.005040663	0.001136846	0.999976	3.61E-09	5.45E-07	8.18E-05	0.994876946
Ptrich	tree	0:TOL-STABLE	0	-1	0	1	4.32E-03	5.62E-03	1.30E+00	48596	29721	3284700	1673113	-0.13896922	0.221705	0.4509006	0.00065	0.025983205	-3140.132369	3.948683198	0.892608301	5.505572152	1	7.51E-17	6.66E-13	5.78E-09	0.107391693
Ptrich	tree	0:TOL-TOL	0	-1	-1	0	4.02E-03	2.00E-03	4.97E-01	80119	82766	5803965	11695447	-0.14549207	-0.2765106	0.4537848	0.00096	0.006740194	-571.9806466	0.19928281	0.232226112	0.938953752	0.678946	0.235828255	0.136346799	0.202045625	0.193553209
Bpend	tree	0:DEL-DEL	0	-2	-2	0	0.001230345	4.12E-04	0.33454522	110	81	23815	59912	-0.3526499	0.19714888	0.5514403	0.00008	0.000746163	-4673.271847	4.765764698	0.221775547	13.06021555	1	3.12E-20	1.82E-15	1.04E-10	0.778224453
Bpend	tree	0:DEL-EXDEL	0	-2	-3	-1	0.000880076	6.15E-05	0.06986782	25	30	7434	122664	-0.39634519	-0.54322415	0.4395425	0.00008	2.09E-05	-4676.570994	4.400526817	0.07147772	0.007544759	1	1.47E-18	3.70E-14	9.16E-10	0.928522279
Bpend	tree	0:DEL-STABLE	0	-2	0	2	0.001403481	2.73E-03	1.94803528	361	294	71461	32371	-0.18930294	0.1507488	0.5231376	0.00009	0.000192131	-43.08239413	0.012136651	0.989771671	24.97737802	0.999624	0.00983648	0.000254965	0.000132882	4.00E-06
Bpend	tree	0:DEL-TOL	0	-2	-1	1	0.001118458	8.16E-04	0.7292923	88	91	19892	33037	-0.54623118	0.0777604	0.585249	0.00007	0.000167866	-4644.208877	4.673353348	0.565521787	1.135032331	1	4.57E-20	2.15E-15	9.97E-11	0.434478213
Bpend	tree	0:EXDEL-DEL	0	-3	-2	1	0.0019058	1.25E-03	0.65408064	16	10	2627	1940	0.29117874	-0.60575046	0.441358	0.00006	0.000562656	-2.74063107	4.35175283	0.284640234	0.006215634	0.613836	0.000160276	0.302422615	0.412776875	2.03E-12
Bpend	tree	0:EXDEL-EXDEL	0	-3	-3	0	0.002030105	3.23E-04	0.15905445	11	7	1716	7206	0.32594629	0.48629583	0.3769841	0.00003	3.30E-05	-4935.45769	4.594459561	0.103348264	48.11045942	1	1.58E-19	6.20E-15	2.40E-10	0.896651736
Bpend	tree	0:EXDEL-STABLE	0	-3	0	3	0.001272894	2.20E-02	17.29494107	98	92	22069	1442	-0.05902685	0.78338169	0.5104167	0.00008	0.000136713	-96.25310281	0.013237901	0.989982609	49.97094986	0.999819	0.009499394	0.000282384	0.00020797	2.76E-05
Bpend	tree	0:EXDEL-TOL	0	-3	-1	2	0.001734939	9.65E-03	5.55994176	16	14	3658	580	1.39088724	1.40930516	0.494709	0.00007	0.000155891	-2696.093025	1.416482685	0.989700502	49.64088961	1	1.13E-07	2.84E-06	7.25E-05	0.010224006
Bpend	tree	0:STABLE-DEL	0	0	-2	-2	0.001446053	7.36E-05	0.05092147	1070	996	211719	3848777	-0.06780657	-0.0911115	0.542546	0.00009	0.027756638	-4984.42541	4.93912771	0.050388413	0.003545651	1	4.79E-21	4.16E-16	3.56E-11	0.949611587
Bpend	tree	0:STABLE-EXDEL	0	0	-3	-3	0.00127517	1.43E-05	0.01125043	434	484	99938	9168239	0.04255986	-0.27866844	0.5149332	0.00008	8.65E-05	-4995.995831	4.981414821	0.011477211	0.00045066	1	3.20E-21	3.06E-16	2.89E-11	0.988522789
Bpend	tree	0:STABLE-STABLE	0	0	0	0	0.001376788	7.88E-04	0.57213046	25	10	5165	3626	-0.08587321	-0.06334999	0.5138889	0.00007	4.79E-05	-1307.961947	0.081366049	0.03090331	0.430810632	0.076958	0.563479586	0.115755014	0.135805021	0.154057069
Bpend	tree	0:STABLE-TOL	0	0	-1	-1	0.001335184	2.03E-04	0.15184224	2146	2735	457429	3935162	-0.09037953	0.01423459	0.5366035	0.00006	0.000102676	-4994.842274	4.974926799	0.139810821	0.518046718	1	2.98E-21	2.81E-16	2.61E-11	0.860189179
Bpend	tree	0:TOL-DEL	0	-1	-2	-1	0.00142507	1.31E-04	0.09160832	368	293	72135	632426	-0.16707114	-0.13109071	0.5468632	0.00007	1.71E-05	-4975.794006	4.89361451	0.090110138	0.002040532	1	7.36E-21	5.76E-16	4.44E-11	0.909889862
Bpend	tree	0:TOL-EXDEL	0	-1	-3	-2	0.001411588	3.06E-05	0.02168873	76	64	15113	627004	-0.14404666	0.1314839	0.6117216	0.00006	6.00E-05	-4989.271258	4.947552259	0.019815702	0.005150312	1	4.51E-21	3.99E-16	3.49E-11	0.980184298
Bpend	tree	0:TOL-STABLE	0	-1	0	1	0.001323566	1.04E-03	0.78361534	1390	1445	290703	410060	-0.20503599	0.05286136	0.5462158	0.00008	0.025547899	-4872.622681	4.541311518	0.619285975	3.237468069	1	1.22E-19	4.23E-15	1.45E-10	0.380714025
Bpend	tree	0:TOL-TOL	0	-1	-1	0	0.001288493	3.25E-04	0.25193165	1655	2041	359791	1811815	-0.15642029	-0.03791733	0.5342606	0.00008	0.023092577	-4962.952214	4.844772015	0.236101735	0.341245254	1	1.03E-20	7.19E-16	4.96E-11	0.763898265
Aly	grass	0:DEL-DEL	0	-2	-2	0	0.007135796	0.001887069	0.26445103	1357	304	63844	50849	-0.252213951	-0.5354228	0.4795558	0.00008	0.059296312	-242.3911011	0.43867066	0.085962561	4.663740007	0.854001	0.092693599	0.158978603	0.369790288	0.29257495
Aly	grass	0:DEL-EXDEL	0	-2	-3	-1	0.00677173	0.000963774	0.14232322	1595	361	80544	107079	-0.163726964	-0.9573426	0.4780383	0.00009	0.003759459	-120.1047679	0.659065572	0.007288288	13.12742238	0.681601	0.046756937	0.160313159	0.515415724	0.270225892
Aly	grass	0:DEL-STABLE	0	-2	0	2	0.00716812	0.011283804	1.57416506	2406	612	118531	24964	-0.004973457	1.5144901	0.4743581	0.00006	0.072886127	-4588.410507	4.380143772	0.832209581	49.95226504	1	3.55E-19	8.51E-15	2.01E-10	0.167790419
Aly	grass	0:DEL-TOL	0	-2	-1	1	0.006681948	0.004949033	0.74065724	1505	354	76927	28221	-0.169604758	0.5812267	0.4854294	0.00008	0.062438767	-3759.803526	3.738962715	0.45575398	28.45880606	1	1.43E-15	7.83E-12	4.21E-08	0.544245978
Aly	grass	0:EXDEL-DEL	0	-3	-2	1	0.008283043	0.002438802	0.29443313	21	6	939	1221	0.225210018	1.6713722	0.571875	0.00005	2.79E-05	-4605.513107	4.071091312	0.149582633	49.46261619	1	3.88E-17	4.56E-13	5.29E-09	0.850417362
Aly	grass	0:EXDEL-EXDEL	0	-3	-3	0	0.006287263	0.000535358	0.08514961	52	9	2665	4566	-0.432703316	-1.0142902	0.4708333	0.00007	0.000526473	-144.9590054	0.887991023	0.000194703	2.484886463	0.032403	0.012534516	0.081547087	0.459780205	0.445943489
Aly	grass	0:EXDEL-STABLE	0	-3	0	3	0.006803831	0.138840789	20.40626647	838	231	44537	924	0.11517159	2.8521219	0.4826705	0.00009	0.052468806	-1806.05505	0.010355355	0.99	49.99999995	0.999821	0.00930745	0.000224109	0.000225092	0.000243349
Aly	grass	0:EXDEL-TOL	0	-3	-1	2	0.008176798	0.050767841	6.20876781	214	45	9618	492	0.197860538	2.7787016	0.5039568	0.00007	0.013166263	-2423.763651	1.446363078	0.989944779	49.92153393	1	9.99E-08	2.69E-06	7.34E-05	0.009979051
Aly	grass	0:STABLE-DEL	0	0	-2	-2	0.006417666	0.0013292	0.20711584	40251	19483	2093028	4226969	-0.281032306	-0.9254191	0.4830904	0.00007	0.001544676	-86.01286956	0.518532239	1.31E-05	0.486192704	0.000181	0.111488815	0.243736467	0.511340629	0.133420959
Aly	grass	0:STABLE-EXDEL	0	0	-3	-3	0.006210345	0.000433633	0.06982421	31817	16341	1712025	10421472	-0.274568763	-1.0935531	0.4843183	0.00006	0.003638624	-646.5706827	0.555116245	3.54E-07	1.361099089	0.000026	0.030939715	0.079590054	0.267455167	0.62201471
Aly	grass	0:STABLE-STABLE	0	0	0	0	0.006501182	0.003032381	0.46643532	173	42	9024	4375	-0.202634885	-0.5173875	0.4858369	0.00006	0.000915912	-16.29151126	0.668754881	0.112506219	1.876352966	0.650352	0.148360997	0.415316302	0.323073822	0.00074266
Aly	grass	0:STABLE-TOL	0	0	-1	-1	0.006486811	0.002473415	0.38129899	51234	33928	2639561	4190186	-0.274157228	-0.6824778	0.4842163	0.00011	0.013008285	-40.51085514	0.344369947	7.83E-05	0.10592975	0.000355	0.311453933	0.340305793	0.33318219	0.014979799
Aly	grass	0:TOL-DEL	0	-1	-2	-1	0.006615769	0.001618356	0.24462091	19268	6177	972461	1114753	-0.278394937	-0.8729332	0.4855511	0.00007	0.005047719	-63.13960164	0.528134397	0.006547776	47.2518758	0.7477	0.124687575	0.276216631	0.511949487	0.080598532
Aly	grass	0:TOL-EXDEL	0	-1	-3	-2	0.00653721	0.000691291	0.1057471	11004	3097	562299	1247746	-0.276267263	-1.065238	0.4824981	0.00006	0.009999419	-296.6177651	0.553071284	3.87E-05	0.321302672	0.001099	0.048218291	0.122237726	0.378970264	0.450535033
Aly	grass	0:TOL-STABLE	0	-1	0	1	0.006852653	0.004203328	0.61338701	23361	7611	1143969	618383	-0.254672971	-0.170139	0.4819316	0.00008	0.067335138	-75.26864688	4.969700594	0.506200067	1.337305893	0.999998	2.02E-12	1.71E-07	0.005996328	0.487803434
Aly	grass	0:TOL-TOL	0	-1	-1	0	0.00663964	0.002585449	0.38939598	41317	21301	2083172	2581516	-0.266096162	-0.5706824	0.4855824	0.0002	7.97E-05	-87.14077799	0.270969554	0.026809399	5.366238944	0.388866	0.320651598	0.265009438	0.328868349	0.058661216
Atha	grass	0:DEL-DEL	0	-2	-2	0	0.007348353	8.18E-04	1.11E-01	310	92	14174	36743	-0.247626271	-0.37342833	0.4895692	0.00008	0.002751641	-4893.5742	0.321629163	0.02789402	0.041641566	0.352216	0.07070584	0.077508472	0.161230093	0.662661575
Atha	grass	0:DEL-STABLE	0	-2	0	2	0.00672365	2.63E-02	3.90E+00	1329	415	72497	6818	0.188708147	1.10194248	0.473816	0.00008	0.096300736	-185.2044442	0.010108326	0.989984373	49.98848909	0.999816	0.009554989	0.000220317	0.000187975	5.23E-05
Atha	grass	0:DEL-TOL	0	-2	-1	1	0.005997458	9.39E-03	1.56E+00	927	304	53682	13302	-0.087665736	0.80911933	0.4764061	0.00009	0.000633681	-4713.632224	2.934333639	0.846907626	3.480345202	1	4.61E-13	3.95E-10	3.35E-07	0.153092039
Atha	grass	0:EXDEL-STABLE	0	-3	0	3	0.006078165	1.23E+00	2.03E+02	569	246	33135	82	0.006643682	0.82081679	0.4525657	0.00008	0.04309316	-0.146939988	0.010000655	0.989999242	49.99992708	0.999803	0.010000743	1.48E-08	0	0
Atha	grass	0:STABLE-DEL	0	0	-2	-2	0.004787209	3.83E-04	8.00E-02	14921	8823	1069758	6705041	-0.145941696	-0.88658982	0.4769234	0.00007	3.38E-07	-130.7032847	0.831055781	3.46E-07	0.087227965	0.000016	0.018476303	0.10292074	0.49571251	0.3828901
Atha	grass	0:STABLE-EXDEL	0	0	-3	-3	0.004544038	2.74E-04	6.03E-02	6677	4550	503292	4890318	-0.155904325	-0.840844	0.4812391	0.00005	1.12E-06	-320.2843812	0.698591224	7.85E-07	0.11569368	0.000042	0.019535876	0.076941126	0.334728093	0.56879412
Atha	grass	0:STABLE-STABLE	0	0	0	0	0.007398677	3.49E-03	4.72E-01	36	10	1697	973	-0.06458988	-0.16910012	0.4115385	0.00007	0.000236493	-824.6329302	0.486832206	0.215217154	15.33963119	0.991857	0.03368805	0.069293377	0.202053147	0.479748272
Atha	grass	0:STABLE-TOL	0	0	-1	-1	0.004924929	1.14E-03	2.32E-01	29000	24419	2039921	6791319	-0.100293806	-0.50354269	0.4756357	0.00019	3.48E-06	-80.93731389	0.421637194	7.67E-06	0.204586909	0.000062	0.176312106	0.274376334	0.456430801	0.092873092
Atha	grass	0:TOL-DEL	0	-1	-2	-1	0.00522772	4.90E-04	9.37E-02	6582	2855	433348	1722968	-0.132188416	-0.82068473	0.4739366	0.00007	3.67E-06	-101.4128941	0.837514913	3.44E-06	0.283566421	0.000146	0.022076	0.123822496	0.55191679	0.302181276
Atha	grass	0:TOL-EXDEL	0	-1	-3	-2	0.002823232	1.57E-05	5.56E-03	34	24	4400	435872	0.16212248	-0.91788989	0.4462963	0.00006	0.000106363	-680.1712947	4.466244841	0.002666511	0.005746099	1	4.49E-15	1.30E-10	3.41E-06	0.997330079
Atha	grass	0:TOL-STABLE	0	-1	0	1	0.006004728	3.26E-03	5.43E-01	16136	7785	944811	850058	-0.026877822	0.03963994	0.4753807	0.0001	0.099604754	-350.0123267	4.22264089	0.432814262	1.3408959	1	3.03E-13	4.96E-09	6.73E-05	0.56711841
Atha	grass	0:TOL-TOL	0	-1	-1	0	0.004983592	1.46E-03	2.93E-01	30703	26594	2136558	5977178	-0.095064219	-0.3544485	0.478132	0.00024	0.020264193	-244.368073	0.237962626	0.001263267	0.099027789	0.006032	0.296685503	0.212890813	0.316073361	0.173087056
Sbic	grass	0:DEL-DEL	0	-2	-2	0	0.005047883	0.001503582	0.29786388	273	109	23112	28250	0.27635275	-0.26456126	0.5500776	0.00006	0.099841701	-12.77897857	4.901265793	0.095181383	5.550892324	0.988799	3.15E-08	0.001408473	0.810802219	0.092607894
Sbic	grass	0:DEL-EXDEL	0	-2	-3	-1	0.003717334	0.000495017	0.13316441	148	76	16653	61566	0.14517909	-0.10213301	0.5064248	0.00007	0.000106344	-24.48275051	1.638357366	0.00012257	0.139480443	0.005999	0.003512559	0.118722044	0.824953605	0.052689221
Sbic	grass	0:DEL-STABLE	0	-2	0	2	0.006071197	0.013752358	2.26518069	1127	425	78152	13428	0.18554126	0.37998724	0.5286	0.00008	0.099932113	-1795.789591	0.012505595	0.9899248	21.96007188	0.999599	0.009239186	0.000269324	0.000271814	0.000294877
Sbic	grass	0:DEL-TOL	0	-2	-1	1	0.005372488	0.007045604	1.3114229	762	291	58765	17113	0.08893935	0.08890967	0.5336094	0.00007	0.097446659	-455.2912188	0.021500507	0.667649419	4.274133186	0.918083	0.294881939	0.014837909	0.014443215	0.008187518
Sbic	grass	0:EXDEL-DEL	0	-3	-2	1	0.006401943	0.017206249	2.68766053	77	25	5177	631	0.31759617	0.36278404	0.5180375	0.00003	2.98E-05	-2270.437827	1.041073452	0.989919132	49.97299658	1	3.17E-06	3.16E-05	0.000340315	0.009705731
Sbic	grass	0:EXDEL-EXDEL	0	-3	-3	0	0.004636178	0.000732601	0.15801825	18	6	1212	2600	-1.31354016	-1.12898067	0.5918367	0.00005	0.000103144	-26.30793388	3.204924856	0.000108257	0.032786633	0.041689	3.50E-06	0.004325806	0.686746791	0.30881565
Sbic	grass	0:EXDEL-STABLE	0	-3	0	3	0.005527408	0.17334557	31.36109492	436	189	32341	467	0.02655526	0.28981976	0.5500763	0.00007	0.099998309	-0.117545657	0.010003571	0.989999726	49.99993788	0.999802	0.010000272	2.21E-09	0	0
Sbic	grass	0:EXDEL-TOL	0	-3	-1	2	0.005967794	0.083103512	13.92533265	127	49	9655	259	0.65291638	0.44030589	0.5220126	0.00008	0.097840606	-937.8049669	0.013597873	0.989994418	49.99727244	0.999825	0.009186813	0.000290975	0.000289217	0.000238577
Sbic	grass	0:STABLE-DEL	0	0	-2	-2	0.004194478	0.000573888	0.13681978	5753	3355	571477	2248657	0.12283155	-0.33995862	0.5350625	0.00005	1.25E-05	-89.9066932	0.63410988	2.45E-05	0.15123643	0.000443	0.063975596	0.201175077	0.550610131	0.184214652
Sbic	grass	0:STABLE-EXDEL	0	0	-3	-3	0.003933824	0.00014736	0.03745982	4069	2418	424136	5960124	0.02721041	-0.64939821	0.5357679	0.00003	6.14E-07	-271.0271433	0.930598931	2.50E-07	0.088648274	0.000032	0.005586336	0.041273344	0.295408929	0.657731142
Sbic	grass	0:STABLE-STABLE	0	0	0	0	0.004617461	0.003132341	0.67836877	42	20	4022	2554	0.47994702	-0.11228964	0.5714286	0.00008	0.007792693	-1.892275727	2.497759454	0.043621283	0.008727925	0.101159	0.040478146	0.858074313	0.057826258	0
Sbic	grass	0:STABLE-TOL	0	0	-1	-1	0.004371915	0.001176495	0.26910288	9110	6619	864174	2231892	0.09478124	-0.16559763	0.5368137	0.00003	3.58E-05	-69.30963325	0.377794924	0.000136267	0.324851347	0.00094	0.225958483	0.294912133	0.417681142	0.061311975
Sbic	grass	0:TOL-DEL	0	-1	-2	-1	0.004479813	0.000734869	0.16404001	2755	1300	255304	691280	0.10085133	-0.25128357	0.5409094	0.00007	2.75E-05	-142.2905942	0.465654302	0.00014103	0.173293986	0.001723	0.111967416	0.208741832	0.461534687	0.217615035
Sbic	grass	0:TOL-EXDEL	0	-1	-3	-2	0.00426805	0.000238259	0.05582394	1161	503	112709	790655	0.08920989	-0.48548497	0.5316386	0.00006	8.50E-06	-164.1179924	0.900183031	4.92E-06	0.107555018	0.00036	0.010509965	0.070879903	0.425285141	0.493320067
Sbic	grass	0:TOL-STABLE	0	-1	0	1	0.005190684	0.003208308	0.61808961	5527	2779	441230	355654	0.08988511	0.0351666	0.5400711	0.00007	0.003813887	-33.28079227	4.528904086	0.508126185	0.831720727	0.999824	1.12E-09	3.03E-05	0.125980124	0.365863399
Sbic	grass	0:TOL-TOL	0	-1	-1	0	0.004549189	0.001585791	0.34858756	8405	5944	762878	1511759	0.06856492	-0.07001426	0.5358207	0.00007	0.002243033	-300.4658757	0.201295712	0.018168062	4.938610032	0.272231	0.339051173	0.197234486	0.277170574	0.168375705
Cgr	grass	0:DEL-DEL	0	-2	-2	0	0.005434656	0.001191388	0.21922055	623	138	28559	27412	-0.7598537	-0.9312055	0.5060939	0.00007	0.00022707	-259.7516956	3.515560311	0.20060054	0.03437071	0.999996	2.18E-10	6.94E-07	0.001741813	0.797656952
Cgr	grass	0:DEL-EXDEL	0	-2	-3	-1	0.006159938	0.000568791	0.0923371	821	159	34282	56289	-0.6427071	-1.4416851	0.5033676	0.00009	7.14E-05	-972.3839872	0.449599641	0.000154	8.3857599	0.031636	0.051191057	0.092539467	0.249709531	0.606405945
Cgr	grass	0:DEL-STABLE	0	-2	0	2	0.006694598	0.003752548	0.56053382	716	146	28284	13080	-0.5371444	0.5014691	0.4987955	0.00005	0.013906858	-4869.048443	4.931177851	0.339780382	49.60525513	1	4.05E-21	3.45E-16	2.90E-11	0.660219618
Cgr	grass	0:DEL-TOL	0	-2	-1	1	0.005404819	0.00197918	0.36618807	570	113	26868	15482	-0.6776785	-0.4332738	0.4744243	0.00007	0.000458129	-762.1128475	1.827513556	0.288689218	2.786937631	0.999971	2.24E-06	0.000147193	0.009162396	0.701998952
Cgr	grass	0:EXDEL-DEL	0	-3	-2	1	0.006218314	0.001922192	0.30911778	28	3	1052	724	-0.9259662	1.5633867	0.4852941	0.00006	3.92E-05	-4829.119903	4.582851247	0.119922606	49.854151	1	1.93E-19	7.36E-15	2.77E-10	0.880077394
Cgr	grass	0:EXDEL-EXDEL	0	-3	-3	0	0.00516179	0.00076257	0.14773352	85	10	4409	2579	-0.4797096	-1.2957008	0.4717391	0.00006	4.44E-05	-48.11891945	4.860199427	0.070383847	0.264513816	0.999526	6.43E-11	3.99E-06	0.064435898	0.865176264
Cgr	grass	0:EXDEL-STABLE	0	-3	0	3	0.004560273	0.02480661	5.43972089	83	23	4499	474	-0.7726067	2.8315667	0.4497768	0.00006	1.81E-05	-1732.609638	2.866712724	0.989878342	49.83735349	1	1.03E-12	7.56E-10	5.35E-07	0.010121122
Cgr	grass	0:EXDEL-TOL	0	-3	-1	2	0.006904245	0.011752874	1.70226773	47	8	1382	290	-1.3790504	1.4914733	0.5334052	0.00006	0.024419606	-4582.521303	4.92947721	0.609053534	49.47565616	1	3.29E-21	2.79E-16	2.34E-11	0.390946466
Cgr	grass	0:STABLE-DEL	0	0	-2	-2	0.005280819	0.000563802	0.10676419	12932	5825	618430	2115236	-0.7124057	-1.4096085	0.4950645	0.00006	1.09E-06	-1167.598687	0.40243805	2.58E-06	0.132440032	0.000055	0.065691232	0.099880498	0.243643165	0.590782528
Cgr	grass	0:STABLE-EXDEL	0	0	-3	-3	0.005001135	0.000173213	0.03463476	10134	4703	506385	5248063	-0.7508385	-1.5764494	0.4973344	0.00006	4.34E-05	-4999.452815	0.518907402	0.002101277	0.000976193	0.15723	0.01354384	0.031163846	0.102058608	0.851132429
Cgr	grass	0:STABLE-STABLE	0	0	0	0	0.00485605	0.00237312	0.48869351	73	22	3705	2128	-0.7805846	-0.9658347	0.4933511	0.00007	1.65E-05	-22.33397413	4.306628144	0.252110702	23.340551	0.999813	2.91E-08	0.000425615	0.445075443	0.302388211
Cgr	grass	0:STABLE-TOL	0	0	-1	-1	0.005264484	0.001133622	0.21533399	16831	10492	807447	2036444	-0.7121439	-1.1866495	0.4982869	0.00008	0.003594598	-763.341762	0.274299306	0.000468601	0.14533732	0.003804	0.179420997	0.157147223	0.280907993	0.382055186
Cgr	grass	0:TOL-DEL	0	-1	-2	-1	0.005307077	0.00076034	0.14326899	6507	2009	307762	566304	-0.7345968	-1.2688602	0.500465	0.00007	7.39E-05	-1703.898525	0.311549452	4.22E-05	0.164042933	0.000564	0.109891035	0.114997536	0.230230865	0.544838393
Cgr	grass	0:TOL-EXDEL	0	-1	-3	-2	0.00528842	0.000293417	0.05548282	3663	969	173913	654218	-0.7333173	-1.5038673	0.504902	0.00008	1.87E-05	-3767.598108	0.439614144	3.49E-05	0.385873667	0.001795	0.030235651	0.052905647	0.14398952	0.772834234
Cgr	grass	0:TOL-STABLE	0	-1	0	1	0.005413515	0.001742335	0.32184908	7495	2265	349508	311316	-0.7136959	-0.9023129	0.4980029	0.00006	0.00793121	-487.9243453	0.417697532	0.172594854	2.064030866	0.889252	0.070289027	0.112618928	0.271128932	0.373368259
Cgr	grass	0:TOL-TOL	0	-1	-1	0	0.005351613	0.001289371	0.24093121	14149	7116	669524	1255283	-0.7022285	-1.0783233	0.4961448	0.00008	0.005151848	-737.5553098	0.318241706	0.068219701	0.689214668	0.506536	0.12727943	0.136793376	0.269851251	0.397856242
Crub	grass	0:DEL-DEL	0	-2	-2	0	0.008542464	1.16E-03	0.13554625	475	96	19937	27310	0.07176849	-0.33742894	0.4856025	0.00008	0.003847084	-105.3964725	4.903913099	0.071706107	6.132610908	0.999998	1.09E-12	8.12E-08	0.003230906	0.925062906
Crub	grass	0:DEL-EXDEL	0	-2	-3	-1	0.006838961	2.63E-04	0.03850772	210	52	10099	56114	-0.34729273	-0.95911585	0.4447653	0.00007	0.00015107	-1655.073828	0.559358911	6.72E-05	0.148662255	0.004688	0.017791555	0.0465848	0.164543904	0.771012554
Crub	grass	0:DEL-STABLE	0	-2	0	2	0.01076281	9.98E-03	0.92761767	1656	330	56305	12941	0.1769126	0.53826425	0.4662617	0.00007	0.099549662	-4447.000543	4.072614613	0.524423499	8.588740664	1	2.47E-17	2.91E-13	3.38E-09	0.475576498
Crub	grass	0:DEL-TOL	0	-2	-1	1	0.008702154	4.51E-03	0.51794874	874	177	35963	15422	0.06509711	0.5532466	0.4553586	0.00007	0.099413095	-4741.666423	4.52657817	0.291656691	5.904368746	1	2.97E-19	9.98E-15	3.30E-10	0.708343309
Crub	grass	0:EXDEL-DEL	0	-3	-2	1	0.011163032	7.18E-03	0.64356802	92	13	2996	730	0.14056753	0.64279084	0.4217391	0.00006	0.000632636	-4883.279756	4.125206837	0.270409516	48.10315329	1	1.53E-17	2.03E-13	2.67E-09	0.729590481
Crub	grass	0:EXDEL-EXDEL	0	-3	-3	0	0.011418202	4.19E-04	0.0367071	30	4	796	2651	-0.68630193	-0.82228992	0.4194444	0.00004	0.000269681	-3693.093615	0.470504314	0.000164523	0.052399808	0.008847	0.023668063	0.046208017	0.134985414	0.794973983
Crub	grass	0:EXDEL-STABLE	0	-3	0	3	0.00663718	1.67E-01	25.12097072	593	203	32256	507	0.10693837	0.88839267	0.4791209	0.00009	0.068242267	-366.289537	0.010513697	0.989973015	49.98720873	0.999818	0.009479798	0.00022983	0.000214296	0.000103062
Crub	grass	0:EXDEL-TOL	0	-3	-1	2	0.010137144	5.36E-02	5.2831011	175	36	6765	300	0.54127978	1.26995802	0.484375	0.00008	0.000181225	-70.64226771	0.011453385	0.989832194	49.91745705	0.999813	0.009745506	0.000246542	0.000162345	1.34E-05
Crub	grass	0:STABLE-DEL	0	0	-2	-2	0.005678596	3.53E-04	0.06208961	5720	2313	356117	2115569	0.00075997	-0.4403817	0.4591796	0.00008	0.000777897	-4967.928219	0.375795987	0.003859331	3.351351385	0.291928	0.045757201	0.06289552	0.148206283	0.739281665
Crub	grass	0:STABLE-EXDEL	0	0	-3	-3	0.004989875	9.28E-05	0.01860221	3646	1596	260345	5248239	0.04006292	-0.68526447	0.4599782	0.00004	4.30E-06	-4459.668574	0.576112378	5.96E-07	0.135401697	0.000082	0.008864502	0.024512432	0.091466265	0.875156206
Crub	grass	0:STABLE-STABLE	0	0	0	0	0.004339458	3.55E-04	0.08181997	13	3	635	2128	-1.82179425	-1.03445609	0.3933333	0.00006	0.00020489	-4312.150292	4.306843976	0.068123575	0.003860228	1	5.37E-18	1.09E-13	2.16E-09	0.931876423
Crub	grass	0:STABLE-TOL	0	0	-1	-1	0.006126751	8.14E-04	0.13286646	9012	4872	527062	2036701	0.06870418	-0.18733904	0.4599489	0.00033	0.001183147	-4865.439355	0.286831128	0.034079158	0.180914065	0.350314	0.094039311	0.087914674	0.168805091	0.615161765
Crub	grass	0:TOL-DEL	0	-1	-2	-1	0.007239055	4.96E-04	0.06852176	2866	822	143438	566226	0.12525002	-0.16742914	0.470118	0.00006	5.23E-05	-4600.679567	0.463770445	0.035583308	0.000191458	0.67243	0.021791448	0.041564508	0.119822778	0.781237957
Crub	grass	0:TOL-EXDEL	0	-1	-3	-2	0.005188516	1.32E-04	0.02551682	858	281	59379	654106	0.07936087	-0.64070342	0.4833333	0.00008	4.70E-05	-2114.115109	0.59249092	2.35E-05	0.09392247	0.002295	0.011997848	0.034873434	0.133664108	0.819441064
Crub	grass	0:TOL-STABLE	0	-1	0	1	0.008290128	2.61E-03	0.31503417	6366	2206	279481	311167	0.1487767	0.21171499	0.4605948	0.00007	0.098819365	-513.0349478	4.147866483	0.233378606	1.992028962	1	1.46E-13	2.02E-09	2.47E-05	0.766596676
Crub	grass	0:TOL-TOL	0	-1	-1	0	0.006880046	1.15E-03	0.16670931	8693	4155	450798	1255213	0.04685655	-0.09933165	0.4606653	0.00009	0.095087514	-4941.558015	0.381582931	0.101696253	0.848283499	0.83938	0.03937892	0.055381798	0.132243557	0.671299471
Shab	grass	0:DEL-DEL	0	-2	-2	0	0.004751698	8.13E-04	1.71E-01	90	62	8398	31994	0.5034327	0.1591426	0.4733475	0.00006	0.063399476	-623.1724484	0.307606498	0.004214806	0.246906155	0.040446	0.15342161	0.157049968	0.299483072	0.385830544
Shab	grass	0:DEL-STABLE	0	-2	0	2	0.004680945	4.81E-03	1.03E+00	107	67	9705	6118	0.2348661	0.4423388	0.4050752	0.00008	0.070132966	-4459.244046	2.070263745	0.563027641	47.30780973	1	5.70E-09	6.63E-07	7.69E-05	0.436894756
Shab	grass	0:DEL-TOL	0	-2	-1	1	0.005057187	2.76E-03	5.45E-01	140	69	11337	10612	0.0195254	0.2218745	0.4656593	0.00007	0.079279939	-4615.333139	2.650590699	0.395514633	2.200293505	1	2.98E-11	1.33E-08	5.85E-06	0.604479504
Shab	grass	0:EXDEL-STABLE	0	-3	0	3	0.006164721	1.35E+00	2.18E+02	49	24	3476	8	0.4127868	0.5580787	0.4987469	0.00006	0.098212253	-373.4773466	0.010998426	0.989936599	49.94740009	0.999818	0.009487579	0.000240807	0.000225177	0.000109838
Shab	grass	0:STABLE-DEL	0	0	-2	-2	0.003919918	3.73E-04	9.50E-02	5161	4435	564419	5110457	0.2967388	0.3047729	0.4666373	0.00005	4.93E-06	-4994.501932	0.625500077	0.080455119	0.000183077	0.945641	0.004983265	0.016040622	0.067123495	0.831397499
Shab	grass	0:STABLE-EXDEL	0	0	-3	-3	0.003704563	2.17E-04	5.87E-02	1918	1847	223431	3595629	0.3379554	0.2200156	0.4714337	0.00005	0.000109465	-4980.310281	0.721441852	0.050147166	0.000783095	0.955355	0.00223796	0.009537158	0.049760384	0.888317332
Shab	grass	0:STABLE-TOL	0	0	-1	-1	0.0038792	1.03E-03	2.66E-01	10898	12270	1204863	5062649	0.2994583	0.2648544	0.465696	0.00007	2.04E-05	-4983.916971	0.292793369	0.182210101	0.000313981	0.766712	0.075237639	0.072350337	0.140864824	0.529337098
Shab	grass	0:TOL-DEL	0	-1	-2	-1	0.004027821	5.89E-04	1.46E-01	2559	1791	271469	1305779	0.2763876	0.3098757	0.4637785	0.00006	3.43E-05	-4964.339793	0.572931352	0.127466793	0.000272769	0.951138	0.007473385	0.020462471	0.07587274	0.768724611
Shab	grass	0:TOL-EXDEL	0	-1	-3	-2	0.004603775	1.62E-05	3.52E-03	25	12	2379	341218	0.41569	0.6957479	0.4119601	0.00007	0.00017969	-4990.655419	4.955656775	0.002826785	0.76861461	1	4.22E-21	3.81E-16	3.39E-11	0.997173215
Shab	grass	0:TOL-STABLE	0	-1	0	1	0.004426199	1.87E-03	4.22E-01	4183	2852	404109	650363	0.2810042	0.2626202	0.4679539	0.00008	0.087281015	-92.64694643	2.220895037	0.307232363	2.322695999	0.999503	1.19E-05	0.001839662	0.160653841	0.530262232
Shab	grass	0:TOL-TOL	0	-1	-1	0	0.003906543	1.27E-03	3.25E-01	11269	13493	1234193	4514601	0.284591	0.2373368	0.4670181	0.00007	5.00E-06	-4884.12579	0.275662421	0.237087211	0.00084086	0.798351	0.081402932	0.072104569	0.134941719	0.47446357
Zmay	grass	0:DEL-DEL	0	-2	-2	0	0.003530615	0.001588877	0.45002832	823	336	77588	70546	-0.2928671	-0.2815126	0.5345568	0.00007	8.82E-05	-4394.945136	0.232330148	0.246639574	2.83779754	0.901178	0.117887566	0.08331363	0.141007959	0.411151271
Zmay	grass	0:DEL-EXDEL	0	-2	-3	-1	0.00356749	0.000380837	0.10675218	430	203	41112	168926	-0.1756904	-0.5162661	0.5617304	0.00007	2.90E-05	-350.5436768	0.513121883	6.08E-05	0.195084975	0.001454	0.055718962	0.124316998	0.359724322	0.460178878
Zmay	grass	0:DEL-STABLE	0	-2	0	2	0.003996895	0.005423321	1.35688323	1212	489	104937	36341	-0.1054619	0.7024322	0.5304266	0.00009	0.048603953	-4606.569004	3.773916063	0.646157699	49.5296106	1	3.08E-16	1.83E-12	1.07E-08	0.35384229
Zmay	grass	0:DEL-TOL	0	-2	-1	1	0.003830261	0.003940178	1.02869699	1071	448	90078	42147	-0.4448493	0.2437047	0.5266897	0.00008	0.086648563	-4735.547345	4.474578982	0.536616831	49.8166349	1	3.30E-19	9.84E-15	2.89E-10	0.463383169
Zmay	grass	0:EXDEL-DEL	0	-3	-2	1	0.004390861	0.021155261	4.8180211	101	37	7465	604	-0.4058794	-0.1114987	0.5413043	0.00005	4.98E-05	-1100.712128	1.604640603	0.989879951	49.96021777	1	9.28E-08	3.62E-06	0.000138435	0.0099779
Zmay	grass	0:EXDEL-STABLE	0	-3	0	3	0.002857917	0.256586097	89.78082166	582	396	65650	593	-0.4411583	0.4354789	0.551462	0.00009	4.00E-06	-0.03843804	0.010042932	0.989997531	49.99926919	0.9998	0.010002469	2.00E-17	0	0
Zmay	grass	0:EXDEL-TOL	0	-3	-1	2	0.003913312	0.118649046	30.31934589	144	67	11715	227	-0.4943795	0.675265	0.5101124	0.00007	1.90E-05	-52.56100228	0.014514875	0.989978156	49.98979915	0.999819	0.009537151	0.00030119	0.000175176	8.33E-06
Zmay	grass	0:STABLE-DEL	0	0	-2	-2	0.003524942	0.000407718	0.11566666	14190	8751	1314348	6372211	-0.383597	-0.804402	0.5481751	0.00005	7.88E-07	-699.9226025	0.412758116	2.42E-06	0.012645544	0.000042	0.075466024	0.119017034	0.290465785	0.515048732
Zmay	grass	0:STABLE-EXDEL	0	0	-3	-3	0.003208323	0.000103201	0.03216667	9646	6738	979674	18153339	-0.3928381	-1.0722056	0.5463084	0.00007	1.00E-07	-1969.549413	0.603371966	6.92E-08	0.047755706	0.000007	0.011505345	0.034576017	0.135670557	0.818248012
Zmay	grass	0:STABLE-STABLE	0	0	0	0	0.00358006	0.000682084	0.19052298	46	16	3954	7135	-0.6311542	-0.6458731	0.6328125	0.00007	0.000164471	-144.024281	0.50072631	0.003216345	0.011897654	0.040692	0.093165177	0.195913874	0.469452806	0.238251798
Zmay	grass	0:STABLE-TOL	0	0	-1	-1	0.003397407	0.000886314	0.26087953	21157	17822	2026369	6339966	-0.399269	-0.5428253	0.5549084	0.00019	1.23E-05	-2627.789921	0.179988941	0.000159515	0.043808972	0.000827	0.262344208	0.134512496	0.200690445	0.402293336
Zmay	grass	0:TOL-DEL	0	-1	-2	-1	0.003649232	0.000593878	0.16274049	7182	3618	641992	1835357	-0.3877694	-0.7420177	0.550139	0.00006	1.12E-06	-339.0073696	0.397367957	5.83E-06	0.011519955	0.000069	0.111194886	0.164348457	0.36466078	0.359790051
Zmay	grass	0:TOL-EXDEL	0	-1	-3	-2	0.003681619	0.00019923	0.05411486	3070	1389	271517	2004269	-0.3960701	-0.9372909	0.5512303	0.00006	3.17E-06	-1199.69294	0.546389168	3.99E-06	0.162394459	0.000217	0.023377	0.058663466	0.19917485	0.718780696
Zmay	grass	0:TOL-STABLE	0	-1	0	1	0.003649502	0.00200367	0.54902559	10368	5427	930891	938256	-0.3669099	-0.1005851	0.5468252	0.0001	0.099986551	-369.660027	4.682381352	0.372317117	8.451710072	1	8.42E-15	3.97E-10	1.57E-05	0.627667225
Zmay	grass	0:TOL-TOL	0	-1	-1	0	0.003511049	0.00109574	0.31208344	18255	13799	1693916	4064264	-0.3935644	-0.4371183	0.5525021	0.0003	0.001273188	-272.9065542	4.261587673	0.294862326	0.168569877	1	8.15E-13	1.45E-08	0.000202969	0.704934691